date,pm25,pm10,o3,no2,so2,co
16/07/2025,13,34,54,1,4,11
15/07/2025,45,56,24,2,3,6
14/07/2025,11,18,54,9,3,5
13/07/2025,29,12,34,8,7,8
12/07/2025,59,0,33,0,3,2
11/07/2025,71,0,31,0,4,4
10/07/2025,49,0,32,0,7,8
09/07/2025,55,0,25,0,4,5
08/07/2025,57,0,39,0,3,4
07/07/2025,43,0,38,0,5,6
06/07/2025,57,0,25,0,3,2
05/07/2025,56,0,41,0,4,6
04/07/2025,21,11,34,5,0,3
03/07/2025,13,16,0,2,9,4
02/07/2025,4,25,23,0,8,1
01/07/2025,32,0,0,0,0,0
30/06/2025,26,0,34,9,3,5
29/06/2025,0,0,30,7,2,3
21/06/2025,29,12,0,0,0,0
20/06/2025,24,15,30,0,3,5
19/06/2025,24,23,35,0,2,4
18/06/2025,38,42,34,0,2,3
17/06/2025,42,12,29,0,4,6
16/06/2025,43,19,29,45,7,5
15/06/2025,41,34,32,12,8,4
14/06/2025,46,21,25,0,6,4
13/06/2025,40,29,27,34,6,5
12/06/2025,51,38,26,0,12,5
11/06/2025,49,21,41,0,5,5
10/06/2025,46,22,28,0,5,6
09/06/2025,37,67,29,0,2,4
08/06/2025,25,45,28,0,6,4
07/06/2025,48,44,30,0,3,3
06/06/2025,56,33,22,0,9,7
05/06/2025,60,23,29,0,6,5
04/06/2025,49,12,22,0,7,6
03/06/2025,28,56,25,0,8,8
02/06/2025,28,55,31,0,6,4
01/06/2025,42,34,28,0,5,4
31/05/2025,42,23,23,0,5,5
30/05/2025,29,76,26,0,6,5
29/05/2025,35,23,29,0,7,5
28/05/2025,42,34,24,0,7,5
27/05/2025,42,12,30,0,6,4
26/05/2025,39,34,23,0,4,5
25/05/2025,33,12,30,0,1,4
24/05/2025,30,31,28,0,1,4
23/05/2025,45,32,29,0,2,3
22/05/2025,40,39,27,0,4,6
21/05/2025,61,32,27,0,4,7
20/05/2025,58,34,32,0,5,11
19/05/2025,29,123,22,0,4,11
18/05/2025,31,45,27,0,1,6
17/05/2025,41,12,21,0,2,7
16/05/2025,54,3,11,0,3,8
15/05/2025,52,4,19,0,3,7
14/05/2025,41,12,35,0,3,6
13/05/2025,40,0,29,0,4,6
12/05/2025,21,0,28,0,5,7
11/05/2025,28,0,29,0,3,3
10/05/2025,56,0,31,0,5,6
09/05/2025,55,0,38,0,8,10
08/05/2025,54,0,19,0,5,10
07/05/2025,64,0,37,0,2,8
06/05/2025,42,0,27,0,3,10
05/05/2025,43,0,18,0,1,7
04/05/2025,48,0,40,0,0,6
03/05/2025,53,0,28,0,1,6
02/05/2025,51,0,40,0,1,8
01/05/2025,47,0,30,0,1,6
30/04/2025,67,0,28,0,1,7
29/04/2025,48,0,24,0,8,9
28/04/2025,33,0,12,0,7,8
27/04/2025,57,0,43,0,4,5
26/04/2025,62,0,29,0,5,8
25/04/2025,53,0,34,0,6,9
24/04/2025,48,0,23,0,5,8
23/04/2025,43,0,44,0,4,5
22/04/2025,46,0,47,0,3,5
21/04/2025,35,0,39,0,4,5
20/04/2025,41,0,42,0, ,3
19/04/2025,30,0,57,0,2,4
18/04/2025,49,0,39,0,3,4
17/04/2025,50,0,36,0,5,5
16/04/2025,40,0,46,0,2,6
15/04/2025,43,0,43,0,2,5
14/04/2025,47,0,42,0,2,6
13/04/2025,55,0,38,0,1,6
12/04/2025,47,0,32,0,2,9
11/04/2025,34,0,7,0,2,9
10/04/2025, ,0,21,0,1,6
09/04/2025,7,0,37,0,2,6
08/04/2025,43,0,22,0,1,9
07/04/2025,35,0,27,0,1,9
06/04/2025,54,0,14,0,1,7
05/04/2025,57,0,39,0,2,9
04/04/2025,58,0,29,0,1,11
03/04/2025,40,0,36,0,1,8
02/04/2025,64,0,48,0,2,3
01/04/2025,41,0,35,0,1,6
31/03/2025,31,0,24,0,2,4
30/03/2025,51,0,26,0,2,3
29/03/2025,63,0,41,0,1,4
28/03/2025,39,0,27,0,2,5
27/03/2025,51,0,7,0,3,6
26/03/2025,59,0,33,0,4,6
25/03/2025,46,0,35,0,5,7
24/03/2025,39,0,41,0,3,6
23/03/2025,46,0,45,0,3,6
22/03/2025,54,0,28,0,3,8
21/03/2025,52,0,33,0,4,9
20/03/2025,64,0,33,0,2,7
19/03/2025,52,0,35,0,1,10
18/03/2025,38,0,30,0,6,7
17/03/2025,46,0,26,0,6,4
16/03/2025,38,0,49,0,5,4
15/03/2025,56,0,42,0,5,5
14/03/2025,57,0,23,0,7,8
13/03/2025,69,0,18,0,2,7
12/03/2025,52,0,34,0,10,10
11/03/2025,44,0,15,0,10,10
10/03/2025,33,0,38,0,7,7
09/03/2025,40,0,28,0,5,7
08/03/2025,42,0,44,0,6,6
07/03/2025,33,0,38,0,7,9
06/03/2025,37,0,33,0,4,6
05/03/2025,45,0,21,0,4,8
04/03/2025,39,0,40,0,4,6
03/03/2025,31,0,35,0,4,8
02/03/2025,33,0,34,0,2,5
01/03/2025,57,0,29,0,3,6
28/02/2025,64,0,33,0,5,10
27/02/2025,36,0,38,0,4,9
26/02/2025,44,0,17,0,1,5
25/02/2025,39,0,27,0,1,6
24/02/2025, ,0,21,0, ,7
22/02/2025,65,0, ,0, , 
21/02/2025,64,0,33,0,6,6
20/02/2025,42,0,21,0,7,10
19/02/2025,36,0,45,0,2,4
18/02/2025,35,0,11,0,1,6
17/02/2025,31,0,14,0, ,5
16/02/2025,21,0,21,0, ,4
15/02/2025, ,0,19,0, ,6
14/02/2025,32,0, ,0, , 
13/02/2025,51,0,19,0,7,4
12/02/2025,45,0,21,0,5,3
11/02/2025,22,0,13,0, ,6
10/02/2025,30,0,22,0, ,4
09/02/2025,38,0,24,0, ,3
08/02/2025,74,0,26,0, ,2
07/02/2025,62,0,25,0, ,4
06/02/2025,49,0,23,0,9,8
05/02/2025,59,0,34,0,8,6
04/02/2025,49,0,27,0,11,7
03/02/2025, ,0,29,0,7,5
01/02/2025,42,0, ,0, , 
31/01/2025,38,0,3,0,11,11
30/01/2025,37,0,31,0,8,6
29/01/2025,47,0,34,0,9,3
28/01/2025,48,0,41,0,9,3
27/01/2025,33,0,35,0,10,5
26/01/2025,63,0,35,0,7,5
25/01/2025,64,0,33,0,9,7
24/01/2025,60,0,46,0,8,5
23/01/2025,52,0,65,0,10,5
22/01/2025,70,0,54,0,11,4
21/01/2025,49,0,57,0,9,5
20/01/2025,28,0,12,0,11,4
19/01/2025,39,0,24,0,12,3
18/01/2025,19,0,62,0,9,3
17/01/2025,32,0,41,0,5,1
16/01/2025,45,0,28,0,8,3
15/01/2025,58,0,19,0,10,1
14/01/2025,50,0,42,0,5,2
13/01/2025,55,0,27,0,11,10
12/01/2025,64,0,64,0,10,9
11/01/2025,45,0,60,0,10,10
10/01/2025,40,0,33,0,10,9
09/01/2025,42,0,26,0,9,10
08/01/2025,62,0,34,0,11,9
07/01/2025,56,0,33,0,12,11
06/01/2025,29,0,44,0,9,10
05/01/2025,35,0,31,0,6,6
04/01/2025,35,0,28,0,7,5
03/01/2025,33,0,23,0,6,6
02/01/2025,61,0,28,0,6,5
01/01/2025, ,0,31,0,8,6
30/12/2024,36,0, ,0, , 
29/12/2024,46,0,29,0,6,6
28/12/2024,48,0,31,0,7,6
27/12/2024,48,0,28,0,9,6
26/12/2024,64,0,34,0,11,5
25/12/2024,64,0,41,0,11,8
24/12/2024,56,0,27,0,12,9
23/12/2024,36,0,30,0,10,9
22/12/2024,37,0,44,0,5,5
21/12/2024,53,0,37,0,9,4
20/12/2024,57,0,33,0,6,3
19/12/2024,49,0,34,0,8,5
18/12/2024,54,0,31,0,8,5
17/12/2024,59,0,37,0,7,5
16/12/2024,36,0,33,0,10,6
15/12/2024,54,0,35,0,7,3
14/12/2024,40,0,18,0,9,6
13/12/2024,51,0,15,0,7,4
12/12/2024,45,0,28,0,8,5
11/12/2024,50,0,27,0,7,5
10/12/2024,51,0,31,0,10,7
09/12/2024,41,0,36,0,9,7
08/12/2024,57,0,43,0,9,5
07/12/2024,55,0,25,0,9,7
06/12/2024,46,0,30,0,8,7
05/12/2024,43,0,39,0,7,6
04/12/2024,57,0,38,0,7,8
03/12/2024,65,0,40,0,8,7
02/12/2024,31,0,36,0,6,6
01/12/2024,41,0,53,0,9,4
30/11/2024,58,0,40,0,8,5
29/11/2024,70,0,34,0,9,6
28/11/2024,60,0,33,0,10,7
27/11/2024,67,0,41,0,10,4
26/11/2024,65,0,38,0,8,5
25/11/2024,58,0,39,0,8,5
24/11/2024,80,0,45,0,11,3
23/11/2024,82,0,43,0,11,6
22/11/2024,55,0,29,0,11,6
21/11/2024,74,0,16,0,12,7
20/11/2024,85,0,35,0,8,6
19/11/2024,63,0,35,0,17,3
18/11/2024,41,0,22,0,12,4
17/11/2024,106,0,39,0,5,2
16/11/2024,101,0,45,0,16,8
15/11/2024,104,0,45,0,8,10
14/11/2024,103,0,34,0,23,9
13/11/2024,119,0,33,0,21,7
12/11/2024,98,0,53,0,8,8
11/11/2024,73,0,43,0,12,7
10/11/2024,75,0,57,0,8,5
09/11/2024,78,0,51,0,7,5
08/11/2024,79,0,45,0,17,7
07/11/2024,68,0,46,0,10,9
06/11/2024,49,0,58,0,7,9
05/11/2024,39,0,51,0,7,7
04/11/2024,41,0,35,0,6,5
03/11/2024,58,0,28,0,8,5
02/11/2024,52,0,38,0,12,5
01/11/2024,73,0,45,0,5,6
31/10/2024,53,0,26,0,13,9
30/10/2024,49,0,34,0,6,8
29/10/2024,49,0,49,0,5,6
28/10/2024,62,0,34,0,7,5
27/10/2024,59,0,45,0,6,4
26/10/2024,66,0,54,0,7,4
25/10/2024,69,0,50,0,6,5
24/10/2024,76,0,50,0,9,4
23/10/2024,70,0,44,0,12,3
22/10/2024,72,0,61,0,5,3
21/10/2024,70,0,54,0,5,2
20/10/2024,63,0,69,0,6,2
19/10/2024,59,0,65,0,5,3
18/10/2024,50,0,67,0,5,3
17/10/2024,61,0,88,0,5,2
16/10/2024,40,0,80,0,5,4
15/10/2024,30,0,72,0,4,3
14/10/2024,23,0,46,0,3,2
13/10/2024,43,0,44,0,4, 
12/10/2024,57,0,51,0,7,3
11/10/2024,58,0,34,0,10,4
10/10/2024,65,0,20,0,8,4
09/10/2024,60,0,45,0,6,5
08/10/2024,60,0,21,0,13,5
07/10/2024,57,0,69,0,11,5
06/10/2024,48,0,50,0,11,4
05/10/2024,53,0,60,0,9,4
04/10/2024,67,0,50,0,10,5
03/10/2024,78,0,49,0,11,7
02/10/2024,76,0,38,0,14,9
01/10/2024,59,0,41,0,13,9
30/09/2024,61,0,50,0,12,7
29/09/2024,60,0,49,0,11,7
28/09/2024,70,0,36,0,9,8
27/09/2024,73,0,55,0,11,9
26/09/2024,91,0,60,0,10,7
25/09/2024,196,0,63,0,9,4
24/09/2024,38,0,28,0,10,11
23/09/2024,72,0,40,0,5,6
22/09/2024,74,0,46,0,8,6
21/09/2024,71,0,56,0,8,9
20/09/2024,45,0,73,0,5,7
19/09/2024,46,0,62,0,5,5
18/09/2024,44,0,66,0,4,4
17/09/2024,39,0,61,0,5,3
16/09/2024,39,0,36,0,5,4
15/09/2024,41,0,54,0,4,2
14/09/2024,57,0,74,0,4,3
13/09/2024,52,0,68,0,4,4
12/09/2024,58,0,61,0,4,4
11/09/2024,48,0,59,0,5,6
10/09/2024,45,0,70,0,5,7
09/09/2024,52,0,51,0,4,6
08/09/2024,59,0,56,0,4,6
07/09/2024,56,0,69,0,4,8
06/09/2024,52,0,51,0,3,7
05/09/2024,74,0,52,0,4,7
04/09/2024,66,0,47,0,6,8
03/09/2024,72,0,63,0,3,8
02/09/2024,66,0,69,0,3,8
01/09/2024,68,0,77,0,2,7
31/08/2024,60,0,93,0,3,6
30/08/2024,49,0,66,0,6,5
29/08/2024,39,0,59,0,6,5
28/08/2024,35,0,53,0,8,5
27/08/2024,49,0,46,0,7,5
26/08/2024,49,0,53,0,7,4
25/08/2024,47,0,45,0,9,3
24/08/2024,49,0,32,0,10,4
23/08/2024,54,0,26,0,6,6
22/08/2024,47,0,37,0,8,9
21/08/2024,29,0,42,0,7,6
20/08/2024,40,0,33,0,5,6
19/08/2024,35,0,39,0,4,5
18/08/2024,38,0,49,0,4,5
17/08/2024,30,0,36,0,4,5
16/08/2024,23,0,40,0,4,6
15/08/2024,51,0,36,0,5,5
14/08/2024,47,0,34,0,4,6
13/08/2024,33,0,40,0,4,5
12/08/2024, ,0,28,0,5,4
11/08/2024, ,0,34,0,5,5
10/08/2024,50,0,34,0,6,8
09/08/2024,65,0,26,0,6,6
08/08/2024,58,0,37,0,6,5
07/08/2024,55,0,35,0,5,5
06/08/2024,60,0,24,0,5,5
05/08/2024,58,0,31,0,5,5
04/08/2024,66,0,37,0,5,5
03/08/2024,56,0,47,0,5,6
02/08/2024,38,0,35,0,4,6
01/08/2024,30,0,33,0,4,4
31/07/2024,31,0,37,0,4,4
30/07/2024,32,0,31,0,4,4
29/07/2024,30,0,27,0,3,4
28/07/2024,37,0,34,0,3,4
27/07/2024,48,0,25,0,4,3
26/07/2024,50,0,23,0,5,6
25/07/2024,35,0,34,0,4,7
24/07/2024,29,0,35,0,3,4
23/07/2024,25,0,26,0,3,4
22/07/2024,25,0,26,0,3,4
21/07/2024,19,0,29,0,3,3
20/07/2024,29,0,18,0,3,5
19/07/2024,27,0,24,0,3,4
18/07/2024,26,0,26,0,3,4
17/07/2024,27,0,37,0,2,4
16/07/2024,25,0,46,0,3,4
15/07/2024,23,0,35,0,3,4
14/07/2024,27,0,28,0,3,3
13/07/2024,45,0,31,0,3,5
12/07/2024,48,0,32,0,3,6
11/07/2024,44,0,34,0,4,6
10/07/2024,40,0,30,0,4,7
09/07/2024,27,0,29,0,4,5
08/07/2024,25,0,36,0,3,4
07/07/2024,39,0,30,0,3,4
06/07/2024,47,0,25,0,4,5
05/07/2024,52,0,19,0,4,6
04/07/2024,49,0,24,0,3,4
03/07/2024,32,0,21,0,4,5
02/07/2024,45,0,21,0,3,4
01/07/2024,50,0,34,0,3,4
30/06/2024,60,0,24,0,3,4
29/06/2024,59,0,35,0,3,5
28/06/2024,62,0,31,0,3,5
27/06/2024,53,0,26,0,3,5
26/06/2024,41,0,27,0,3,5
25/06/2024,33,0,27,0,2,4
24/06/2024,52,0,38,0,3,4
23/06/2024,63,0,42,0,2,5
22/06/2024,50,0,28,0,3,7
21/06/2024,67,0,17,0,3,7
20/06/2024,64,0,19,0,4,6
19/06/2024,58,0,17,0,3,6
18/06/2024,36,0,43,0,3,6
17/06/2024,29,0,28,0,2,3
16/06/2024,43,0,24,0,2,4
15/06/2024,43,0,17,0,2,4
14/06/2024,50,0,20,0,2,3
13/06/2024,52,0,17,0,2,4
12/06/2024,48,0,26,0,3,7
11/06/2024,45,0,21,0,2,6
10/06/2024,46,0,24,0,2,5
09/06/2024,51,0,28,0,2,4
08/06/2024,58,0,23,0,3,6
07/06/2024,53,0,18,0,2,6
06/06/2024,46,0,10,0,2,7
05/06/2024,32,0,22,0,1,6
04/06/2024,28,0,23,0, ,6
03/06/2024,31,0,26,0,1,3
02/06/2024,33,0,40,0, ,3
01/06/2024,33,0,34,0, ,2
31/05/2024,52,0,23,0, ,3
30/05/2024,68,0,30,0,2,5
29/05/2024,55,0,11,0,2,8
28/05/2024,44,0,17,0,1,5
27/05/2024,47,0,26,0,2,5
26/05/2024,46,0,32,0,1,4
25/05/2024,49,0,28,0,2,4
24/05/2024,48,0,29,0,2,3
23/05/2024,62,0,21,0, ,3
22/05/2024,30,0,21,0,2,5
21/05/2024,35,0,25,0,2,3
20/05/2024,30,0,22,0,1,3
19/05/2024,44,0,23,0,2,3
18/05/2024,66,0,23,0,2,4
17/05/2024,44,0,29,0,7,7
16/05/2024,65,0,23,0,4,4
15/05/2024,73,0,24,0,9,7
14/05/2024,63,0,14,0,7,7
13/05/2024,52,0,19,0,6,8
12/05/2024,56,0,39,0,5,6
11/05/2024,42,0,26,0,6,8
10/05/2024,84,0,32,0,4,4
09/05/2024,48,0,11,0,9,14
08/05/2024,57,0,12,0,6,7
07/05/2024,53,0,21,0,5,5
06/05/2024,41,0,22,0,6,6
05/05/2024,43,0,10,0,5,4
04/05/2024,39,0,24,0,4,2
03/05/2024,55,0,25,0,2,2
02/05/2024,51,0,27,0,6,4
01/05/2024,62,0,30,0,6,7
30/04/2024,47,0,22,0,9,11
29/04/2024,40,0,21,0,7,10
28/04/2024,60,0,31,0,6,8
27/04/2024,61,0,23,0,9,9
26/04/2024,60,0,26,0,10,10
25/04/2024,56,0,21,0,9,12
24/04/2024,73,0,35,0,7,9
23/04/2024,49,0,20,0,10,12
22/04/2024,34,0,13,0,8,8
21/04/2024,72,0,29,0,5,6
20/04/2024,52,0,23,0,14,12
19/04/2024,74,0,5,0,10,9
18/04/2024,1,0,28,0,11,10
17/04/2024,78,0,16,0,6,13
16/04/2024,66,0,73,0,7,5
15/04/2024,68,0,42,0,8,5
14/04/2024,84,0,53,0,5,4
13/04/2024,66,0,58,0,8,7
12/04/2024,75,0,52,0,4,5
11/04/2024,68,0,44,0,8,8
10/04/2024,53,0,38,0,5,5
09/04/2024,51,0,36,0,6,5
08/04/2024,40,0,37,0,5,6
07/04/2024,61,0,34,0,6,4
06/04/2024,55,0,33,0,5,7
05/04/2024,72,0,30,0,6,7
04/04/2024,68,0,21,0,10,6
03/04/2024,43,0,20,0,11,6
02/04/2024,49,0,15,0,10,4
01/04/2024,49,0,25,0,8,5
31/03/2024,51,0,33,0,7,5
30/03/2024,65,0,37,0,7,4
29/03/2024,76,0,27,0,11,5
28/03/2024,58,0,30,0,11,8
27/03/2024,54,0,18,0,7,7
26/03/2024,63,0,23,0,8,7
25/03/2024,63,0,29,0,9,7
24/03/2024,73,0,40,0,6,6
23/03/2024,69,0,25,0,13,8
22/03/2024,62,0,21,0,9,6
21/03/2024,61,0,47,0,7,4
20/03/2024,64,0,44,0,8,3
19/03/2024,50,0,35,0,7,5
18/03/2024,39,0,42,0,5,4
17/03/2024,37,0,39,0,5,3
16/03/2024,49,0,39,0,5,4
15/03/2024,40,0,30,0,9,4
14/03/2024,40,0,34,0,6,4
13/03/2024,44,0,33,0,5,4
12/03/2024,32,0,29,0,5,4
11/03/2024,28,0,34,0,4,4
10/03/2024,42,0,34,0,4,3
09/03/2024,57,0,34,0,5,5
08/03/2024,57,0,38,0,6,6
07/03/2024,64,0,44,0,5,6
06/03/2024,56,0,43,0,6,6
05/03/2024,55,0,42,0,5,6
04/03/2024,31,0,32,0,7,5
03/03/2024,39,0,35,0,3,3
02/03/2024,44,0,35,0,2,4
01/03/2024,63,0,44,0,4,3
29/02/2024,81,0,43,0,10,5
28/02/2024,66,0,45,0,9,9
27/02/2024,45,0,36,0,7,10
26/02/2024,47,0,30,0,4,6
25/02/2024,51,0,38,0,3,3
24/02/2024,36,0,31,0,9,5
23/02/2024,70,0,14,0,6,5
22/02/2024,53,0,24,0,5,7
21/02/2024,48,0,16,0,4,6
20/02/2024,55,0,11,0,4,8
19/02/2024,49,0,33,0,3,6
18/02/2024,44,0,44,0,3,6
17/02/2024,39,0,30,0,3,6
16/02/2024,30,0,28,0,3,6
15/02/2024,34,0,32,0,2,5
14/02/2024,51,0,33,0,3,5
13/02/2024,46,0,38,0,3,6
12/02/2024,46,0,33,0,2,4
11/02/2024,48,0,37,0,3,6
10/02/2024,54,0,30,0,5,6
09/02/2024,56,0,33,0,6,7
08/02/2024,57,0,37,0,6,8
07/02/2024,62,0,27,0,6,8
06/02/2024,48,0,34,0,7,10
05/02/2024,43,0,20,0,5,8
04/02/2024,46,0,51,0,5,4
03/02/2024,60,0,31,0,6,6
02/02/2024,64,0,25,0,6,6
01/02/2024,80,0,40,0,4,6
31/01/2024,67,0,48,0,11,6
30/01/2024,73,0,51,0,8,5
29/01/2024,71,0,57,0,6,5
28/01/2024,67,0,66,0,5,4
27/01/2024,65,0,63,0,4,5
26/01/2024,58,0,55,0,5,6
25/01/2024,34,0,63,0,6,6
24/01/2024,34,0,53,0,3,3
23/01/2024,30,0,36,0,3,3
22/01/2024,39,0,33,0,3,3
21/01/2024,49,0,30,0,3,4
20/01/2024,40,0,33,0,4,5
19/01/2024,38,0,30,0,5,5
18/01/2024,43,0,32,0,4,5
17/01/2024,38,0,22,0,7,4
16/01/2024,55,0,26,0,6,4
15/01/2024,60,0,29,0,7,6
14/01/2024,52,0,40,0,7,4
13/01/2024,47,0,43,0,5,3
12/01/2024,67,0,21,0,5,3
11/01/2024,44,0,31,0,6,4
10/01/2024,73,0,27,0,3,3
09/01/2024,66,0,23,0,7,6
08/01/2024,42,0,30,0,6,8
07/01/2024,66,0,34,0,3,5
06/01/2024,48,0,33,0,10,7
05/01/2024,48,0,31,0,4,6
04/01/2024,54,0,17,0,5,7
03/01/2024,73,0,9,0,8,5
02/01/2024,181,0,21,0,6,10
01/01/2024,55,0,37,0,11,11
31/12/2023,46,0,23,0,2,6
30/12/2023,50,0,27,0,1,3
29/12/2023,44,0,26,0,3,5
28/12/2023,42,0,18,0,3,4
27/12/2023,45,0,21,0,5,4
26/12/2023,57,0,26,0,3,5
25/12/2023,63,0,38,0,5,5
24/12/2023,65,0,44,0,6,6
23/12/2023,74,0,22,0,10,9
22/12/2023,62,0,38,0,7,9
21/12/2023,51,0,32,0,7,10
20/12/2023,52,0,27,0,6,6
19/12/2023,65,0,25,0,5,8
18/12/2023,37,0,18,0,6,11
17/12/2023,51,0,19,0,4,7
16/12/2023,47,0,21,0,3,7
15/12/2023,62,0,11,0,6,8
14/12/2023,56,0,29,0,6,7
13/12/2023,51,0,28,0,10,6
12/12/2023,43,0,27,0,7,7
11/12/2023,42,0,34,0,4,4
10/12/2023,41,0,29,0,4,5
09/12/2023,48,0,36,0,4,4
08/12/2023,62,0,30,0,5,6
07/12/2023,62,0,30,0,5,6
06/12/2023,67,0,28,0,4,5
05/12/2023,53,0,30,0,6,7
04/12/2023,55,0,40,0,4,4
03/12/2023,61,0,51,0,5,4
02/12/2023,62,0,46,0,6,6
01/12/2023,57,0,39,0,7,6
30/11/2023,67,0,42,0,4,5
29/11/2023,58,0,32,0,6,5
28/11/2023,41,0,27,0,6,7
27/11/2023,48,0,34,0,3,2
26/11/2023,64,0,39,0,5,4
25/11/2023,56,0,30,0,9,4
24/11/2023,49,0,28,0,6,5
23/11/2023,43,0,32,0,7,4
22/11/2023,46,0,33,0,3,3
21/11/2023,50,0,23,0,5,3
20/11/2023,53,0,20,0,4,3
19/11/2023,68,0,31,0,5,3
18/11/2023,80,0,34,0,11,4
17/11/2023,59,0,41,0,7,6
16/11/2023,47,0,41,0,4,4
15/11/2023,70,0,36,0,8,3
14/11/2023,58,0,40,0,6,6
13/11/2023,56,0,44,0,4,6
12/11/2023,48,0,46,0,4,4
11/11/2023,46,0,45,0,3,4
10/11/2023,52,0,49,0,4,4
09/11/2023,49,0,54,0,3,4
08/11/2023,45,0,60,0,3,7
07/11/2023,73,0,47,0,3,8
06/11/2023,58,0,36,0,6,10
05/11/2023,54,0,48,0,5,8
04/11/2023,55,0,46,0,11,7
03/11/2023,56,0,50,0,7,7
02/11/2023,63,0,39,0,4,8
01/11/2023,48,0,23,0,12,11
31/10/2023,63,0,31,0,11,9
30/10/2023,55,0,25,0,16,11
29/10/2023,22,0,29,0,12,12
28/10/2023,45,0,19,0,11,10
27/10/2023,45,0,24,0,7,7
26/10/2023,68,0,26,0,7,5
25/10/2023,51,0,29,0,8,7
24/10/2023,66,0,47,0,4,6
23/10/2023,56,0,36,0,8,7
22/10/2023,67,0,67,0,23,5
21/10/2023,59,0,43,0,34,8
20/10/2023,46,0,14,0,24,10
19/10/2023,50,0,51,0,6,4
18/10/2023,65,0,48,0,7,5
17/10/2023,50,0,59,0,6,5
16/10/2023,56,0,48,0,8,4
15/10/2023,44,0,50,0,5,5
14/10/2023,72,0,35,0,5,5
13/10/2023,64,0,48,0,5,4
12/10/2023,62,0,46,0,6,6
11/10/2023,68,0,43,0,7,5
10/10/2023,52,0,43,0,7,7
09/10/2023,71,0,56,0,5,4
08/10/2023, ,0,49,0,6,3
06/10/2023,63,0, ,0, , 
05/10/2023,86,0,2,0,7,6
04/10/2023,61,0,60,0,7,7
03/10/2023,65,0,46,0,5,6
02/10/2023,40,0,54,0,5,6
01/10/2023,48,0,61,0,3,4
30/09/2023,62,0,39,0,6,6
29/09/2023,72,0,55,0,7,7
28/09/2023,77,0,54,0,9,9
27/09/2023,71,0,46,0,9,10
26/09/2023,67,0,40,0,7,9
25/09/2023,53,0,46,0,4,6
24/09/2023,60,0,54,0,4,4
23/09/2023,69,0,57,0,7,3
22/09/2023,45,0,67,0,5,4
21/09/2023,41,0,58,0,3,2
20/09/2023,43,0,51,0,3,1
19/09/2023,49,0,46,0,4,2
18/09/2023,47,0,44,0,8,1
17/09/2023,43,0,68,0,3,1
16/09/2023,35,0,62,0,3,3
15/09/2023,55,0,36,0,4,1
14/09/2023,65,0,40,0,3,2
13/09/2023,60,0,41,0,3,2
12/09/2023,45,0,43,0,3,2
11/09/2023,48,0,50,0,3,2
10/09/2023,56,0,40,0,4,2
09/09/2023,67,0,41,0,3,3
08/09/2023,50,0,63,0,3,2
07/09/2023,53,0,60,0,3,3
06/09/2023,34,0,73,0,2,1
05/09/2023,44,0,45,0,3,1
04/09/2023,63,0,46,0,3,1
03/09/2023,54,0,46,0,11,2
02/09/2023,50,0,60,0,4,4
01/09/2023,41,0,46,0,3,3
31/08/2023,43,0,42,0,3,2
30/08/2023,41,0,50,0,3,1
29/08/2023,34,0,43,0,2,2
28/08/2023,39,0,38,0,2,2
27/08/2023,48,0,60,0,1,2
26/08/2023,49,0,57,0,2,5
25/08/2023,55,0,34,0,4,7
24/08/2023,44,0,40,0,4,6
23/08/2023,63,0,49,0,3,6
22/08/2023,49,0,16,0,4,7
21/08/2023,48,0,25,0,3,6
20/08/2023,75,0,35,0,2,4
19/08/2023,81,0,46,0,5,7
18/08/2023,54,0,52,0,5,7
17/08/2023,66,0,39,0,3,5
16/08/2023,63,0,33,0,4,7
15/08/2023,59,0,19,0,3,6
14/08/2023,53,0,36,0,3,4
13/08/2023,41,0,35,0,2,4
12/08/2023,48,0,40,0,1,3
11/08/2023,44,0,36,0,2,4
10/08/2023,28,0,49,0,1,3
09/08/2023,25,0,34,0,1,2
08/08/2023,27,0,42,0,1,1
07/08/2023,34,0,29,0,3,2
06/08/2023,35,0,38,0,1,2
05/08/2023,39,0,34,0,1,3
04/08/2023,37,0,37,0,3,4
03/08/2023,28,0,44,0,1,2
02/08/2023,28,0,38,0,1,2
01/08/2023,33,0,30,0,1,3
31/07/2023,24,0,31,0,1,2
30/07/2023,33,0,31,0,1,2
29/07/2023,36,0,26,0,2,3
28/07/2023,62,0,29,0,2,4
27/07/2023,73,0,37,0,4,7
26/07/2023,44,0,40,0,6,8
25/07/2023,27,0,30,0,4,4
24/07/2023,24,0,30,0,3,3
23/07/2023,25,0,36,0, ,1
22/07/2023,28,0,36,0, ,1
21/07/2023,24,0,30,0,3,3
20/07/2023,26,0,30,0,2,3
19/07/2023,31,0,37,0,2,3
18/07/2023,34,0,39,0,3,4
17/07/2023,35,0,23,0,4,5
16/07/2023,44,0,30,0,4,6
15/07/2023,45,0,26,0,5,8
14/07/2023,40,0,29,0,5,6
13/07/2023,37,0,36,0,5,6
12/07/2023,38,0,30,0,4,6
11/07/2023,33,0,32,0,4,7
10/07/2023,33,0,28,0,4,8
09/07/2023,50,0,24,0,3,7
08/07/2023,50,0,28,0,4,9
07/07/2023,50,0,24,0,4,9
06/07/2023,63,0,23,0,3,7
05/07/2023,55,0,23,0,5,9
04/07/2023,60,0,29,0,4,8
03/07/2023,54,0,26,0,4,7
02/07/2023,39,0,41,0,4,6
01/07/2023,30,0,31,0,4,6
30/06/2023,30,0,21,0,4,5
29/06/2023,48,0,25,0,3,4
28/06/2023,43,0,31,0,4,7
27/06/2023,56,0,32,0,4,6
26/06/2023,52,0,26,0,4,7
25/06/2023,55,0,29,0,3,5
24/06/2023,68,0,31,0,3,6
23/06/2023,41,0,28,0,5,7
22/06/2023,30,0,27,0,3,5
21/06/2023,32,0,21,0,3,2
20/06/2023,31,0,34,0,2,2
19/06/2023,27,0,37,0,3,2
18/06/2023,34,0,33,0,2,1
17/06/2023,52,0,24,0,3,4
16/06/2023,45,0,21,0,5,6
15/06/2023,36,0,21,0,5,5
14/06/2023,34,0,26,0,3,4
13/06/2023,44,0,33,0,3,5
12/06/2023,50,0,30,0,4,6
11/06/2023,69,0,30,0,4,7
10/06/2023,59,0,24,0,5,9
09/06/2023,70,0,21,0,4,7
08/06/2023,51,0,21,0,4,5
07/06/2023,66,0,21,0,4,5
06/06/2023,35,0,21,0,5,7
05/06/2023,44,0,24,0,3,3
04/06/2023,45,0,30,0,3,4
03/06/2023,57,0,28,0,4,6
02/06/2023,56,0,21,0,4,5
01/06/2023,60,0,25,0,5,4
31/05/2023,58,0,23,0,5,5
30/05/2023,51,0,32,0,3,4
29/05/2023,46,0,32,0,2,2
28/05/2023,60,0,29,0,2,1
27/05/2023,62,0,31,0,4,3
26/05/2023,50,0,28,0,4,3
25/05/2023,60,0,27,0,4,4
24/05/2023,53,0,39,0,4,3
23/05/2023,46,0,15,0,4,4
22/05/2023,39,0,35,0,2,2
21/05/2023,65,0,32,0,1,1
20/05/2023,66,0,21,0,3,4
19/05/2023,45,0,29,0,6,6
18/05/2023,53,0,34,0,4,2
17/05/2023,55,0,34,0,4,4
16/05/2023,42,0,28,0,4,7
15/05/2023,31,0,27,0,2,2
14/05/2023,45,0,23,0,2,1
13/05/2023,66,0,27,0,4,4
12/05/2023,53,0,28,0,6,6
11/05/2023,54,0,1,0,4,2
10/05/2023,56,0,27,0,3,3
09/05/2023,42,0,24,0,5,4
08/05/2023,39,0,40,0,2,1
07/05/2023,40,0,41,0,3,1
06/05/2023,43,0,31,0,3,3
05/05/2023,37,0,29,0,3,4
04/05/2023,32,0,29,0,3,2
03/05/2023,35,0,37,0,2,2
02/05/2023,31,0,31,0,2,2
01/05/2023,36,0,27,0,1,2
30/04/2023,51,0,31,0,1,1
29/04/2023,59,0,33,0,3,2
28/04/2023,71,0,31,0,4,4
27/04/2023,49,0,32,0,7,8
26/04/2023,55,0,25,0,4,5
25/04/2023,57,0,39,0,3,4
24/04/2023,43,0,38,0,5,6
23/04/2023,57,0,25,0,3,2
22/04/2023,56,0,41,0,4,6
21/04/2023,45,0,24,0,3,5
20/04/2023,57,0,36,0,4,4
19/04/2023,57,0,40,0,5,3
18/04/2023,44,0,28,0,6,4
17/04/2023,46,0,19,0,4,4
16/04/2023,56,0,28,0,3,2
15/04/2023,67,0,41,0,4,3
14/04/2023,61,0,42,0,6,4
13/04/2023,60,0,30,0,6,4
12/04/2023,66,0,28,0,5,5
11/04/2023,45,0,37,0,6,5
10/04/2023,49,0,35,0,5,4
09/04/2023,60,0,42,0,5,2
08/04/2023,34,0,23,0,6,5
07/04/2023,50,0,40,0,3,1
06/04/2023,68,0,22,0,5,5
05/04/2023,62,0,33,0,8,6
04/04/2023,65,0,29,0,6,4
03/04/2023,53,0,32,0,5,14
02/04/2023,57,0,42,0,3,11
01/04/2023,68,0,45,0,5,13
31/03/2023,65,0,18,0,6,15
30/03/2023,65,0,47,0,4,11
29/03/2023,66,0,40,0,5,12
28/03/2023,53,0,41,0,5,13
27/03/2023,48,0,48,0,4,10
26/03/2023,43,0,57,0,3,9
25/03/2023,41,0,34,0,3,10
24/03/2023,44,0,17,0,3,10
23/03/2023,62,0,31,0,3,10
22/03/2023,55,0,40,0,6,10
21/03/2023,60,0,27,0,6,11
20/03/2023,48,0,22,0,6,11
19/03/2023,46,0,27,0,4,10
18/03/2023, ,0,2,0,7,14
17/03/2023,50,0, ,0, , 
16/03/2023,57,0,19,0,4,9
15/03/2023,51,0,18,0,5,10
14/03/2023,51,0,9,0,8,13
13/03/2023,49,0,22,0,5,11
12/03/2023,33,0,22,0,4,11
11/03/2023,49,0,13,0,4,9
10/03/2023,42,0,16,0,6,12
09/03/2023,53,0,13,0,4,8
08/03/2023,14,0,17,0,5,10
07/03/2023, ,0,4,0,2,8
06/05/2022,58,0, ,0, , 
05/05/2022,66,0,6,0,1,5
04/05/2022,49,0,31,0,4,7
03/05/2022,46,0,41,0,4,5
02/05/2022,37,0,35,0,2,5
01/05/2022,25,0,37,0,2,4
30/04/2022,52,0,25,0,2,4
29/04/2022,80,0,26,0,4,7
28/04/2022,61,0,25,0,5,12
14/04/2022,54,0, ,0, , 
13/04/2022,56,0,1,0,3,10
12/04/2022,54,0,29,0,4,7
11/04/2022,43,0,21,0,2,7
10/04/2022,50,0,31,0,2,7
09/04/2022,74,0,28,0,2,6
08/04/2022,66,0,26,0,4,9
07/04/2022,67,0,39,0,3, 
06/04/2022,56,0,32,0,4,10
05/04/2022,64,0,26,0,3,9
04/04/2022,48,0,30,0,7,8
03/04/2022,48,0,43,0,4,8
02/04/2022,53,0,37,0,4,8
01/04/2022,77,0,25,0,4,7
31/03/2022,61,0,47,0,7,13
30/03/2022,53,0,31,0,4,10
29/03/2022,68,0,19,0,2,8
28/03/2022,69,0,33,0,4,11
27/03/2022,64,0,21,0,3,9
26/03/2022,72,0,20,0,3,8
25/03/2022,54,0,24,0,5,9
24/03/2022,59,0,24,0,3,7
23/03/2022,74,0,36,0,3,6
22/03/2022,53,0,43,0,6,10
21/03/2022,46,0,25,0,2,9
20/03/2022,57,0,31,0,2,6
19/03/2022,70,0,31,0,2,6
18/03/2022,46,0,36,0,6,7
17/03/2022,52,0,27,0,2,7
16/03/2022,46,0,32,0,1,6
15/03/2022,55,0,38,0,1,6
14/03/2022,44,0,40,0,3,7
13/03/2022,46,0,47,0,1,6
12/03/2022,49,0,19,0,2,7
11/03/2022,60,0,25,0,2,6
10/03/2022,57,0,37,0,3,7
09/03/2022,45,0,32,0,3,7
08/03/2022,45,0,17,0,1,7
07/03/2022,38,0,16,0,1,7
06/03/2022,49,0,26,0,1,6
05/03/2022,51,0,24,0,2,7
04/03/2022,46,0,41,0,9,6
03/03/2022,46,0,31,0,2,6
02/03/2022,35,0,27,0,4,6
01/03/2022,46,0,31,0, ,5
28/02/2022,49,0,38,0,3,7
27/02/2022,54,0,36,0,4,5
26/02/2022,53,0,33,0,4,5
25/02/2022,49,0,30,0,4,6
24/02/2022,91,0,42,0,2,6
23/02/2022,86,0,43,0,4,8
22/02/2022,44,0,47,0,13,6
21/02/2022,40,0,37,0,1,4
20/02/2022,42,0,29,0,1,4
19/02/2022,63,0,27,0,1,5
18/02/2022,77,0,23,0,3,6
17/02/2022,75,0,66,0,3,5
16/02/2022,61,0,76,0,6,5
15/02/2022,53,0,35,0,4,5
14/02/2022,33,0,37,0,1,5
13/02/2022,43,0,42,0,1,2
12/02/2022,41,0,38,0,1,3
11/02/2022, ,0,34,0, ,3
06/01/2022,33,0, ,0, , 
05/01/2022,65,0,21,0,2,4
04/01/2022,53,0,58,0,5,5
03/01/2022,39,0,57,0,9,5
02/01/2022,77,0,38,0,5,4
01/01/2022,61,0,67,0,6,3
31/12/2021,68,0,59,0,5,4
30/12/2021,61,0,46,0,9,5
29/12/2021,66,0,32,0,4,5
28/12/2021,62,0,73,0,3,4
27/12/2021,53,0,54,0,4,3
26/12/2021,49,0,49,0,6,2
25/12/2021,48,0,48,0,3,1
24/12/2021,52,0,54,0,3,1
23/12/2021,46,0,55,0,3,2
22/12/2021,42,0,34,0,3,2
21/12/2021,44,0,28,0,2,2
20/12/2021,45,0,25,0,5,2
19/12/2021,52,0,32,0,4,1
18/12/2021,54,0,21,0,3,4
17/12/2021,46,0,10,0,4,8
16/12/2021,58,0,24,0,3,8
15/12/2021,43,0,27,0,3,9
14/12/2021,41,0,17,0,3,9
13/12/2021,26,0,13,0,3,9
12/12/2021,41,0,22,0,2,6
11/12/2021,49,0,32,0,2,8
10/12/2021,62,0,42,0,3,7
09/12/2021,63,0,43,0,4,7
08/12/2021,52,0,33,0,5,7
07/12/2021,46,0,41,0,4,7
06/12/2021,51,0,49,0,3,6
05/12/2021,41,0,48,0,3,8
04/12/2021,68,0,44,0,4,8
03/12/2021,68,0,53,0,5,8
02/12/2021,74,0,49,0,6,7
01/12/2021,72,0,48,0,5,10
30/11/2021,52,0,27,0,4,12
29/11/2021,62,0,34,0,2,5
28/11/2021,54,0,76,0,6,6
27/11/2021,76,0,59,0,4,7
26/11/2021,71,0,57,0,5,10
25/11/2021,55,0,29,0,6,14
24/11/2021,49,0,37,0,3,9
23/11/2021,64,0,32,0,3,9
22/11/2021,58,0,34,0,3,8
21/11/2021,49,0,46,0,3,5
20/11/2021,34,0,41,0,2,5
19/11/2021,45,0,31,0,2,5
18/11/2021,49,0,49,0,2,5
17/11/2021,52,0,37,0,3,8
16/11/2021,54,0,33,0,3,7
15/11/2021,52,0,45,0,4,6
14/11/2021,60,0,57,0,2,6
13/11/2021,55,0,30,0,4,8
12/11/2021,70,0,38,0,3,7
11/11/2021,47,0,69,0,7,9
10/11/2021,45,0,28,0,3,7
09/11/2021,57,0,19,0,3,8
08/11/2021,56,0,48,0,3,6
07/11/2021,55,0,51,0,2,5
06/11/2021,60,0,54,0,4,7
05/11/2021,55,0,16,0,5,9
04/11/2021,44,0,51,0,4,7
03/11/2021,36,0,62,0,3,6
02/11/2021,50,0,51,0,2,5
01/11/2021,60,0,44,0,3,8
31/10/2021,82,0,56,0,3,9
30/10/2021,56,0,56,0,4,13
29/10/2021,55,0,40,0,3,9
28/10/2021,63,0,78,0,3,7
27/10/2021,70,0,48,0,5,9
26/10/2021,64,0,46,0,6,11
25/10/2021,53,0,78,0,6,9
24/10/2021,47,0,114,0,4,9
23/10/2021,68,0,52,0,4,7
22/10/2021,53,0,52,0,6,10
21/10/2021,63,0,45,0,4,8
20/10/2021,67,0,54,0,5,7
19/10/2021,62,0,60,0,5,6
18/10/2021,54,0,56,0,4,8
17/10/2021,58,0,44,0,4,6
16/10/2021,71,0,47,0,5,6
15/10/2021,72,0,50,0,7,9
14/10/2021,58,0,54,0,4,10
13/10/2021,57,0,62,0,3,8
12/10/2021,60,0,63,0,5,9
11/10/2021,58,0,54,0,5,10
10/10/2021,58,0,37,0,4,7
09/10/2021,70,0,58,0,4,6
08/10/2021,51,0,60,0,5,8
07/10/2021,66,0,44,0,4,6
06/10/2021,72,0,37,0,6,8
05/10/2021,70,0,39,0,4,7
04/10/2021,52,0,49,0,4,8
03/10/2021,56,0,64,0,3,7
02/10/2021,59,0,63,0,4,9
01/10/2021,57,0,50,0,4,8
30/09/2021,50,0,42,0,2,7
29/09/2021,57,0,52,0,4,5
28/09/2021,34,0,71,0,4,5
27/09/2021,26,0,81,0,3,3
26/09/2021,25,0,33,0,3,1
25/09/2021,41,0,84,0,3, 
24/09/2021,43,0,56,0,3,1
23/09/2021,72,0,56,0,3, 
22/09/2021,56,0,44,0,5,5
21/09/2021,50,0,55,0,3,3
20/09/2021,47,0,60,0,3,3
19/09/2021,38,0,78,0,2,2
18/09/2021,33,0,85,0,3,1
17/09/2021,35,0,79,0,3,1
16/09/2021,52,0,72,0,3,1
15/09/2021,59,0,72,0,4,3
14/09/2021,43,0,73,0,6,4
13/09/2021,45,0,55,0,3,3
12/09/2021,64,0,47,0,3,3
11/09/2021,43,0,47,0,3,5
10/09/2021,50,0,65,0,4,4
09/09/2021,67,0,51,0,4,7
08/09/2021,56,0,43,0,6, 
07/09/2021,42,0,54,0,3,4
06/09/2021,44,0,32,0,3,8
05/09/2021,43,0,56,0,2,5
04/09/2021,50,0,59,0,3,6
03/09/2021,40,0,51,0,4,6
02/09/2021,37,0,47,0,4,5
01/09/2021,62,0,54,0,3,5
31/08/2021,57,0,63,0,4,10
30/08/2021,43,0,35,0,4,8
29/08/2021,56,0,44,0,3,5
28/08/2021,64,0,47,0,5,6
27/08/2021,60,0,52,0,4,6
26/08/2021,58,0,44,0,1,6
25/08/2021,67,0,28,0,2,8
24/08/2021,50,0,44,0,5,8
23/08/2021,38,0,49,0,3,6
22/08/2021,58,0,46,0,3,5
21/08/2021,64,0,46,0,4,9
20/08/2021,52,0,68,0,5,6
19/08/2021,59,0,54,0,4,5
18/08/2021,57,0,47,0,3,7
17/08/2021,64,0,40,0,3,9
16/08/2021,65,0,42,0,2,10
15/08/2021,73,0,52,0,2,8
14/08/2021,53,0,53,0,4,13
13/08/2021,61,0,45,0,3,6
12/08/2021,45,0,38,0,4,8
11/08/2021,41,0,42,0,3,6
10/08/2021,59,0,41,0,3,6
09/08/2021,63,0,54,0,3,8
08/08/2021,55,0,57,0, ,7
07/08/2021,47,0,41,0,3,7
06/08/2021,42,0,43,0,3,6
05/08/2021, ,0,53,0,3,5
07/07/2021,24,0, ,0, , 
06/07/2021,27,0,20,0,4,3
05/07/2021,14,0,59,0,3,3
04/07/2021,36,0,44,0,3,2
03/07/2021,31,0,37,0,5,6
02/07/2021,32,0,29,0,4,5
01/07/2021,32,0,38,0,4,4
30/06/2021,34,0,28,0,4,4
29/06/2021,49,0,43,0,3,3
28/06/2021,56,0,31,0,5,8
27/06/2021,54,0,46,0,4,7
26/06/2021,54,0,36,0,4,7
25/06/2021,51,0,44,0,3,7
24/06/2021,53,0,37,0,6,8
23/06/2021,49,0,32,0,4,6
22/06/2021,32,0,37,0,4,8
21/06/2021, ,0,29,0,3,5
20/06/2021,60,0, ,0, , 
19/06/2021,52,0,20,0,4,8
18/06/2021,48,0,30,0,5,8
17/06/2021,63,0,34,0,4,6
16/06/2021,46,0,33,0,7,8
15/06/2021,64,0,16,0,4,7
14/06/2021,43,0,25,0,4,10
13/06/2021,57,0,25,0,3,6
12/06/2021,87,0,38,0,5,7
11/06/2021,59,0,27,0,6,9
10/06/2021,63,0,39,0,4,5
09/06/2021,45,0,30,0,4,7
08/06/2021,45,0,12,0,4,8
07/06/2021,46,0,19,0,3,8
06/06/2021,50,0,29,0,3,6
05/06/2021,39,0,33,0,4,8
04/06/2021,44,0,33,0,4,7
03/06/2021,75,0,34,0,5,6
02/06/2021,63,0,40,0,5,9
01/06/2021,63,0,29,0,5,9
31/05/2021,58,0,28,0,6,10
30/05/2021,53,0,36,0,4,7
29/05/2021,61,0,40,0,3,7
28/05/2021,50,0,42,0,4,6
27/05/2021,49,0,28,0,4,6
26/05/2021,58,0,28,0,4,6
25/05/2021,42,0,26,0,3,7
24/05/2021,38,0,33,0,3,5
23/05/2021,41,0,30,0,2,4
22/05/2021,58,0,28,0,3,5
21/05/2021,50,0,35,0,4,6
20/05/2021,47,0,35,0,4,7
19/05/2021,34,0,39,0,3,5
18/05/2021,46,0,24,0,4,6
17/05/2021,38,0,17,0,3,7
16/05/2021,46,0,27,0,2,3
15/05/2021,62,0,32,0,2,4
14/05/2021,54,0,33,0,4,6
13/05/2021,56,0,24,0,4,7
12/05/2021,23,0,18,0,6,9
11/05/2021,20,0,23,0,3,3
10/05/2021,31,0,20,0,2,3
09/05/2021,51,0,26,0,2,3
08/05/2021,55,0,37,0,3,4
07/05/2021,48,0,35,0,4,8
06/05/2021,56,0,35,0,3,7
05/05/2021,56,0,36,0,3,6
04/05/2021,44,0,48,0,3,9
03/05/2021,34,0,23,0,3,9
02/05/2021,33,0,35,0,2,6
01/05/2021,43,0,14,0,3,7
30/04/2021,57,0,24,0,3,8
29/04/2021,49,0,34,0,4,8
28/04/2021,55,0,23,0,3,9
27/04/2021,46,0,21,0,4,11
26/04/2021,48,0,32,0,3,7
25/04/2021,43,0,53,0,3,3
24/04/2021,62,0,55,0,3,3
23/04/2021,65,0,43,0,4,7
22/04/2021,50,0,40,0,5,7
21/04/2021,60,0,43,0,4,8
20/04/2021,45,0,35,0,5,7
19/04/2021,56,0,16,0,3,8
18/04/2021,53,0,48,0,4,7
17/04/2021,52,0,20,0,4,7
16/04/2021,55,0,55,0,4,5
15/04/2021,40,0,30,0,3,5
14/04/2021,31,0,37,0,3,3
13/04/2021,33,0,36,0,3,4
12/04/2021,42,0,32,0,3,6
11/04/2021,62,0,48,0,3,8
10/04/2021,56,0,35,0,3,8
09/04/2021,46,0,34,0,3,7
08/04/2021,64,0,40,0,2,5
07/04/2021,51,0,37,0,4,9
06/04/2021,54,0,39,0,3,7
05/04/2021,45,0,40,0,3,7
04/04/2021,47,0,4,0,2,4
03/04/2021,40,0,36,0,2,6
02/04/2021,45,0,40,0,2,5
01/04/2021,43,0,38,0,3,6
31/03/2021,43,0,34,0,4,6
30/03/2021,58,0,27,0,3,6
29/03/2021,54,0,32,0,2,7
28/03/2021,71,0,47,0,2,7
27/03/2021,73,0,45,0,3,8
26/03/2021,60,0,50,0,3,9
25/03/2021,58,0,51,0,5,8
24/03/2021,53,0,51,0,3,7
23/03/2021,42,0,34,0,2,8
22/03/2021,41,0,25,0,2,4
21/03/2021,51,0,42,0,2,4
20/03/2021,67,0,34,0,2,6
19/03/2021,44,0,36,0,3,9
18/03/2021,53,0,33,0,2,10
17/03/2021,39,0,31,0,3,10
16/03/2021,50,0,33,0,2,9
15/03/2021,39,0,24,0,2,9
14/03/2021,64,0,44,0,1,7
13/03/2021,47,0,31,0,3,12
12/03/2021,55,0,20,0,2,8
11/03/2021,50,0,15,0,4,10
10/03/2021,44,0,17,0,2,8
09/03/2021,50,0,14,0,2,10
08/03/2021,57,0,23,0,2,9
07/03/2021,65,0,45,0,2,7
06/03/2021,61,0,50,0,4,11
05/03/2021,42,0,26,0,3,10
04/03/2021,45,0,26,0,2,10
03/03/2021,45,0,30,0,2,7
02/03/2021,37,0,17,0,2,8
01/03/2021,40,0,22,0,2,7
28/02/2021,50,0,40,0,2,5
27/02/2021,47,0,31,0,2,6
26/02/2021,49,0,27,0,2,6
25/02/2021,48,0,31,0,2,6
24/02/2021,68,0,33,0,3,7
23/02/2021,44,0,44,0,3,8
22/02/2021,32,0,18,0,2,7
21/02/2021,45,0,32,0,2,4
20/02/2021,34,0,34,0,2,6
19/02/2021,41,0,15,0,2,6
18/02/2021,32,0,29,0,2,5
17/02/2021,34,0,37,0,2,4
16/02/2021,69,0,38,0,2,3
15/02/2021, ,0,42,0,4,5
14/02/2021,54,0, ,0, , 
13/02/2021,58,0,6,0,2,6
12/02/2021,38,0,29,0,2,7
11/02/2021,44,0,28,0,2,6
10/02/2021,59,0,34,0,2,7
09/02/2021,50,0,41,0,3,8
08/02/2021,49,0,32,0,3,8
07/02/2021,50,0,41,0,2,6
06/02/2021,50,0,40,0,3,8
05/02/2021,48,0,32,0,3,8
04/02/2021,62,0,43,0,3,7
03/02/2021,54,0,37,0,3,7
02/02/2021,46,0,37,0,3,6
01/02/2021,32,0,36,0,3,7
31/01/2021,38,0,42,0,2,3
30/01/2021,44,0,42,0,2,5
29/01/2021,53,0,45,0,2,6
28/01/2021,48,0,46,0,3,5
27/01/2021,57,0,38,0,3,6
26/01/2021,57,0,32,0,3,7
25/01/2021,41,0,27,0,4,8
24/01/2021,54,0,38,0,2,5
23/01/2021,50,0,36,0,3,7
22/01/2021,50,0,19,0,3,6
21/01/2021,53,0,31,0,3,6
20/01/2021,55,0,38,0,3,5
19/01/2021,51,0,40,0,3,5
18/01/2021,37,0,36,0,3,5
17/01/2021,38,0,40,0,1,3
16/01/2021,54,0,36,0,1,4
15/01/2021,55,0,40,0,2,5
14/01/2021,46,0,37,0,4,6
13/01/2021,55,0,34,0,3,6
12/01/2021,51,0,32,0,4,7
11/01/2021,45,0,35,0,4,7
10/01/2021,50,0,37,0,2,4
09/01/2021,59,0,36,0,3,5
08/01/2021,43,0,27,0,4,8
07/01/2021,44,0,39,0,2,4
06/01/2021,35,0,22,0,3,5
05/01/2021,37,0,19,0,2,5
04/01/2021,36,0,17,0,2,7
03/01/2021,30,0,29,0,2,4
02/01/2021,115,0,31,0,2,4
01/01/2021,67,0,51,0,5,8
31/12/2020,43,0,37,0,5,7
30/12/2020,48,0,33,0,2,6
29/12/2020,34,0,28,0,2,6
28/12/2020,42,0,24,0,2,5
27/12/2020,41,0,32,0,2,4
26/12/2020,32,0,20,0,2,5
25/12/2020,46,0,31,0,2,4
24/12/2020,60,0,34,0,3,5
23/12/2020,68,0,36,0,4,6
22/12/2020,53,0,37,0,6,7
21/12/2020,35,0,35,0,4,7
20/12/2020,29,0,43,0,2,6
19/12/2020,60,0,30,0,1,6
18/12/2020,53,0,31,0,3,8
17/12/2020,58,0,21,0,7,7
16/12/2020,58,0,44,0,5,9
15/12/2020,57,0,43,0,5,8
14/12/2020,57,0,41,0,4,7
13/12/2020,72,0,45,0,4,7
12/12/2020,62,0,38,0,6,11
11/12/2020,63,0,40,0,3,9
10/12/2020,56,0,43,0,4,8
09/12/2020,58,0,35,0,4,8
08/12/2020,45,0,32,0,3,7
07/12/2020,39,0,42,0,3,6
06/12/2020,62,0,38,0,2,6
05/12/2020,50,0,35,0,4,10
04/12/2020,57,0,32,0,3,8
03/12/2020,43,0,30,0,6,8
02/12/2020,56,0,27,0,6,7
01/12/2020,55,0,35,0,5,6
30/11/2020,57,0,41,0,4,6
29/11/2020,74,0,63,0,3,7
28/11/2020,61,0,43,0,5,10
27/11/2020,57,0,31,0,6,9
26/11/2020,45,0,48,0,5,7
25/11/2020,37,0,46,0,5,6
24/11/2020,66,0,31,0,3,6
23/11/2020,74,0,24,0,5,11
22/11/2020,57,0,61,0,5,9
21/11/2020,58,0,40,0,5,9
20/11/2020,86,0,17,0,4,9
19/11/2020,82,0,23,0,5,8
18/11/2020,99,0,38,0,7,7
17/11/2020,108,0,44,0,11,7
16/11/2020,94,0,38,0,10,7
15/11/2020,115,0,61,0,19,6
14/11/2020,97,0,54,0,12,6
13/11/2020,88,0,68,0,9,6
12/11/2020,78,0,52,0,15,6
11/11/2020,84,0,54,0,9,5
10/11/2020,61,0,63,0,6,6
09/11/2020,66,0,65,0,3,4
08/11/2020,73,0,73,0,2,4
07/11/2020,86,0,59,0,9,5
06/11/2020,95,0,55,0,10,8
05/11/2020,63,0,77,0,7,7
04/11/2020,52,0,51,0,7,7
03/11/2020,47,0,54,0,4,5
02/11/2020,51,0,56,0,2,4
01/11/2020,64,0,67,0,3,5
31/10/2020,59,0,56,0,4,6
30/10/2020,57,0,38,0,3,6
29/10/2020,43,0,52,0,2,4
28/10/2020,40,0,33,0,2,6
27/10/2020,60,0,26,0,4,7
26/10/2020,60,0,61,0,2,5
25/10/2020,72,0,62,0,4,7
24/10/2020,47,0,49,0,5,9
23/10/2020,26,0,51,0,3,5
22/10/2020,42,0,51,0,3,4
21/10/2020,71,0,41,0,6,5
20/10/2020,50,0,55,0,4,9
19/10/2020,44,0,41,0,3,8
18/10/2020,32,0,48,0,2,5
17/10/2020,35,0,42,0,3,5
16/10/2020,42,0,19,0,2,5
15/10/2020,58,0,49,0,3,4
14/10/2020,44,0,61,0,3,4
13/10/2020,38,0,65,0,2,3
12/10/2020,38,0,74,0,2,3
11/10/2020,55,0,86,0,1,3
10/10/2020,40,0,91,0,2,4
09/10/2020,34,0,81,0,2,4
08/10/2020,47,0,67,0,2,4
07/10/2020,43,0,65,0,2,5
06/10/2020,34,0,75,0,2,4
05/10/2020,50,0,55,0,2,3
04/10/2020,69,0,47,0,8,5
03/10/2020,48,0,44,0,8,6
02/10/2020,37,0,59,0,4,6
01/10/2020,38,0,52,0,3,3
30/09/2020, ,0,13,0,4,4
24/09/2020,55,0, ,0, , 
23/09/2020,44,0,57,0,4,5
22/09/2020,38,0,66,0,4,5
21/09/2020,50,0,59,0,3,6
20/09/2020,73,0,45,0,3,7
19/09/2020,69,0,40,0,7,12
18/09/2020,65,0,48,0,5,9
17/09/2020,66,0,56,0,5,9
16/09/2020,45,0,56,0,7,8
15/09/2020,28,0,45,0,4,5
14/09/2020,23,0,50,0,2,3
13/09/2020,26,0,45,0,2,3
12/09/2020,59,0,43,0,3,5
11/09/2020,50,0,64,0,4,5
10/09/2020,44,0,62,0,3,4
09/09/2020,43,0,70,0,4,5
08/09/2020,43,0,54,0,3,5
07/09/2020,33,0,47,0,3,5
06/09/2020,20,0,70,0,2,4
05/09/2020,43,0,49,0,3,3
04/09/2020,43,0,46,0,3,5
03/09/2020,49,0,48,0,3,5
02/09/2020,41,0,53,0,3,6
01/09/2020,56,0,39,0,4,4
31/08/2020,50,0,71,0,4,5
30/08/2020,50,0,73,0,3,6
29/08/2020,54,0,34,0,3,6
28/08/2020,45,0,36,0,4,6
27/08/2020,53,0,58,0,4,4
26/08/2020,54,0,46,0,4,5
25/08/2020,53,0,47,0,4,5
24/08/2020,48,0,60,0,4,6
23/08/2020,44,0,65,0,2,5
22/08/2020,39,0,54,0,4,6
21/08/2020,45,0,32,0,3,4
20/08/2020,45,0,32,0,3,5
19/08/2020,47,0,40,0,2,3
18/08/2020,56,0,39,0,2,5
17/08/2020,36,0,54,0,5,7
16/08/2020,52,0,57,0,2,6
15/08/2020,48,0,36,0,3,7
14/08/2020,53,0,41,0,4,7
13/08/2020,58,0,37,0,4,7
12/08/2020,51,0,40,0,5,7
11/08/2020,37,0,49,0,5,5
10/08/2020,24,0,41,0,3,4
09/08/2020,27,0,37,0,2,3
08/08/2020,35,0,39,0,2,3
07/08/2020,31,0,37,0,4,3
06/08/2020,34,0,35,0,3,6
05/08/2020,41,0,40,0,4,5
04/08/2020,45,0,47,0,3,5
03/08/2020,26,0,43,0,3,5
02/08/2020,28,0,48,0,2,3
01/08/2020,27,0,40,0,2,4
31/07/2020,42,0,36,0,3,4
30/07/2020,49,0,32,0,5,5
29/07/2020,48,0,33,0,6,6
28/07/2020,37,0,37,0,7,4
27/07/2020,33,0,33,0,3,7
26/07/2020,52,0,37,0,2,7
25/07/2020,52,0,33,0,4,8
24/07/2020,42,0,32,0,4,8
23/07/2020,66,0,35,0,4,5
22/07/2020,46,0,33,0,5,6
21/07/2020,37,0,39,0,5,6
20/07/2020,30,0,34,0,3,3
19/07/2020,29,0,38,0,2,2
18/07/2020,37,0,44,0,2,2
17/07/2020,32,0,61,0,3,2
16/07/2020,31,0,49,0,3,2
15/07/2020,44,0,40,0,3,3
14/07/2020,39,0,45,0,6,7
13/07/2020,47,0,31,0,3,6
12/07/2020,57,0,56,0,3,3
11/07/2020,50,0,47,0,4,6
10/07/2020,58,0,37,0,5,4
09/07/2020,63,0,35,0,6, 
08/07/2020,57,0,32,0,6, 
07/07/2020,51,0,30,0,4, 
06/07/2020, ,0,36,0,4, 
05/07/2020, ,0,37,0,2, 
04/07/2020,66,0,25,0,2, 
03/07/2020,59,0,22,0,2,4
02/07/2020,55,0,25,0,4,7
01/07/2020,52,0,34,0,3,7
30/06/2020,53,0,44,0,3,7
29/06/2020,53,0,31,0,4,8
28/06/2020,45,0,40,0,2,7
27/06/2020,46,0,42,0,3,7
26/06/2020,51,0,25,0,4,8
25/06/2020,53,0,29,0,4,7
24/06/2020,43,0,35,0,4,7
23/06/2020,33,0,29,0,5,6
22/06/2020,25,0,30,0,3,5
21/06/2020,34,0,29,0,2,4
20/06/2020,49,0,21,0,2,5
19/06/2020,41,0,26,0,3,7
18/06/2020,48,0,34,0,3,5
17/06/2020,49,0,32,0,3,6
16/06/2020,23,0,27,0,4,8
15/06/2020,34,0,25,0,2,6
14/06/2020,75,0,28,0,2,6
13/06/2020,68,0,38,0,5,9
12/06/2020,55,0,27,0,3,8
11/06/2020,57,0,68,0,3,6
10/06/2020,43,0,45,0,3,8
09/06/2020,29,0,43,0,3,7
08/06/2020,30,0,36,0,2,5
07/06/2020,33,0,36,0,2,3
06/06/2020,40,0,44,0,2,4
05/06/2020,44,0,26,0,3,6
04/06/2020,44,0,43,0,3,6
03/06/2020,38,0,27,0,3,6
02/06/2020,38,0,25,0,2,5
01/06/2020,28,0,28,0,2,5
31/05/2020,26,0,31,0,1,3
30/05/2020,38,0,27,0,1,4
29/05/2020,48,0,29,0,2,6
28/05/2020,30,0,37,0,2,7
27/05/2020,22,0,31,0,2,4
26/05/2020,22,0,26,0,2,4
25/05/2020,22,0,26,0,1,5
24/05/2020,36,0,29,0,2,3
23/05/2020,40,0,29,0,2,6
22/05/2020, ,0,32,0,2,7
20/05/2020,40,0, ,0, , 
19/05/2020,35,0,13,0,5,9
18/05/2020,26,0,28,0,2,1
17/05/2020,26,0,11,0,2,1
16/05/2020,45,0,27,0,1,3
15/05/2020,66,0,40,0,2,4
14/05/2020,43,0,47,0,4,9
13/05/2020,31,0,25,0,2,4
12/05/2020,38,0,24,0,1,5
11/05/2020,41,0,31,0,1,5
10/05/2020,33,0,29,0,1,5
09/05/2020,31,0,26,0,1,4
08/05/2020,37,0,30,0,1,4
07/05/2020,39,0,30,0,2,5
06/05/2020,38,0,31,0,2,5
05/05/2020,48,0,25,0,2,5
04/05/2020,35,0,30,0,2,5
03/05/2020,38,0,29,0,1,5
02/05/2020,47,0,25,0,1,5
01/05/2020,42,0,22,0,1,5
30/04/2020,50,0,39,0,1,5
29/04/2020,47,0,39,0,1,5
28/04/2020,39,0,34,0,2,5
27/04/2020,43,0,41,0,2,6
26/04/2020,32,0,43,0,1,5
25/04/2020,32,0,39,0,1,4
24/04/2020,35,0,35,0,1,3
23/04/2020,38,0,33,0,1,4
22/04/2020,43,0,44,0,1,4
21/04/2020,36,0,39,0,1,4
20/04/2020,36,0,38,0,1,4
19/04/2020,49,0,40,0,1,4
18/04/2020,61,0,55,0,1,5
17/04/2020,44,0,66,0,2,6
16/04/2020,22,0,38,0,1,5
15/04/2020,21,0,34,0, ,5
14/04/2020,24,0,33,0,1,4
13/04/2020,38,0,39,0,1,4
12/04/2020,25,0,36,0,1,4
11/04/2020,41,0,31,0,1,3
10/04/2020,41,0,45,0,1,4
09/04/2020,32,0,36,0,1,3
08/04/2020,29,0,39,0,1,3
07/04/2020,28,0,36,0,1,3
06/04/2020,37,0,37,0,1,3
05/04/2020,37,0,33,0,1,3
04/04/2020,25,0,37,0,1,3
03/04/2020,34,0,38,0,1,3
02/04/2020,29,0,37,0,1,4
01/04/2020, ,0,37,0, ,3
30/03/2020,19,0, ,0, , 
29/03/2020,26,0, ,0,2,3
28/03/2020,43,0,51,0,1,3
27/03/2020,50,0,42,0,1,3
26/03/2020,75,0,57,0,1,3
25/03/2020,70,0,58,0,2,3
24/03/2020,59,0,63,0,1,3
23/03/2020,32,0,55,0,1,3
22/03/2020,25,0,34,0,1,3
21/03/2020,22,0,35,0,1,2
20/03/2020,36,0,33,0,1,3
19/03/2020,47,0,51,0,1,3
18/03/2020,32,0,56,0,1,3
17/03/2020,35,0,52,0,1,4
16/03/2020,32,0,30,0,2,7
15/03/2020,41,0,42,0,1,6
14/03/2020,53,0,30,0,2,7
13/03/2020,70,0,38,0,3,8
12/03/2020,74,0,35,0,4,10
11/03/2020,75,0,34,0,4,11
10/03/2020,73,0,38,0,3,10
09/03/2020,49,0,45,0,4,8
08/03/2020,59,0,51,0,2,7
07/03/2020,74,0,38,0,2,7
06/03/2020,57,0,23,0,3,10
05/03/2020,58,0,35,0,3,6
04/03/2020,57,0,49,0,3,6
03/03/2020,62,0,45,0,3,6
02/03/2020,59,0,65,0,3,9
01/03/2020,64,0,59,0,2,8
29/02/2020,57,0,51,0,3,10
28/02/2020,55,0,42,0,3,9
27/02/2020,51,0,36,0,2,7
26/02/2020,51,0,23,0,2,7
25/02/2020,53,0,39,0,2,6
24/02/2020,53,0,32,0,1,7
23/02/2020,64,0,65,0,2,8
22/02/2020,64,0,26,0,2,8
21/02/2020,61,0,26,0,2,7
20/02/2020,47,0,44,0,2,5
19/02/2020,41,0,34,0,2,3
18/02/2020,41,0,40,0,1,5
17/02/2020,48,0,34,0,1,5
16/02/2020,39,0,47,0,2,5
15/02/2020,78,0,47,0,3,5
14/02/2020,72,0,54,0,4,8
13/02/2020,84,0,50,0,3,6
12/02/2020, ,0,40,0,4,9
08/02/2020,68,0, ,0, , 
07/02/2020,70,0,51,0,3,8
06/02/2020,73,0,53,0,4,8
05/02/2020,64,0,57,0,4,7
04/02/2020,59,0,40,0,3,7
03/02/2020,54,0,41,0,3,7
02/02/2020,79,0,45,0,3,7
01/02/2020,68,0,19,0,4,11
31/01/2020,79,0,51,0,3,7
30/01/2020,62,0,38,0,3,9
29/01/2020,58,0,19,0,1,6
28/01/2020,47,0,29,0,2,8
27/01/2020,53,0,30,0,1,7
26/01/2020,58,0,35,0,2,6
25/01/2020,48,0,39,0,3,9
24/01/2020,45,0,35,0,2,7
23/01/2020,48,0,34,0,1,6
22/01/2020,50,0,17,0,2,6
21/01/2020,59,0,16,0,2,7
20/01/2020,28,0,19,0,2,7
19/01/2020,30,0,20,0,2,3
18/01/2020,37,0,19,0,2,3
17/01/2020,44,0,22,0,2,4
16/01/2020,68,0,22,0,3,5
15/01/2020,56,0,24,0,4,6
14/01/2020,38,0,31,0,4,5
13/01/2020,29,0,25,0,3,4
12/01/2020,48,0,22,0,2,4
11/01/2020,40,0,23,0,3,5
10/01/2020,52,0,23,0,3,5
09/01/2020,65,0,27,0,3,5
08/01/2020,66,0,45,0,4,6
07/01/2020,53,0,31,0,3,7
06/01/2020,38,0,21,0,2,7
05/01/2020,59,0,29,0,2,5
04/01/2020,58,0,39,0,3,8
03/01/2020,44,0,25,0,2,8
02/01/2020,45,0,16,0,2,6
01/01/2020, ,0,19,0,2,5
30/12/2019,50,0, ,0, , 
29/12/2019,57,0,31,0,2,6
28/12/2019,54,0,27,0,3,7
27/12/2019,43,0,25,0,3,7
26/12/2019,47,0,25,0,3,5
25/12/2019,50,0,32,0,3,6
24/12/2019,54,0,26,0,3,8
23/12/2019,56,0,24,0,3,6
22/12/2019,70,0,25,0,3,8
21/12/2019,74,0,27,0,4,10
20/12/2019,70,0,21,0,4,9
19/12/2019,79,0,17,0,3,8
18/12/2019,58,0,23,0,4,8
17/12/2019,65,0,34,0,3,5
16/12/2019,73,0,31,0,4,7
15/12/2019,75,0,37,0,4,8
14/12/2019,88,0,29,0,3,7
13/12/2019,58,0,25,0,5,8
12/12/2019,60,0,24,0,3,6
11/12/2019,55,0,32,0,3,5
10/12/2019,72,0,17,0,2,7
09/12/2019,42,0,12,0,4,11
08/12/2019,47,0, ,0, , 
07/12/2019,65,0, ,0, , 
06/12/2019,67,0, ,0, , 
05/12/2019,66,0, ,0, , 
04/12/2019,61,0,28,0,5,7
03/12/2019,61,0,21,0,3,9
02/12/2019, ,0,17,0,5,8
30/11/2019,78,0, ,0, , 
29/11/2019,67,0,23,0,3,7
28/11/2019,55,0,21,0,4,5
27/11/2019,58,0,17,0,4,5
26/11/2019,58,0,21,0,5,10
25/11/2019,56,0,30,0,4,9
24/11/2019,69,0,36,0,2,9
23/11/2019,58,0,31,0,3,11
22/11/2019,56,0,30,0,2,8
21/11/2019,65,0,20,0,3,8
20/11/2019,76,0,32,0,3,10
19/11/2019,62,0,20,0,4,12
18/11/2019,42,0,24,0,3,9
17/11/2019,56,0,27,0,2,7
16/11/2019,59,0,19,0,2,9
15/11/2019,47,0,13,0,3,10
14/11/2019,57,0,23,0,2,7
13/11/2019,64,0,19,0,2,8
12/11/2019,51,0,20,0,3,8
11/11/2019, ,0,16,0,3,7
10/11/2019,61,0, ,0, , 
09/11/2019,59,0,14,0,3,5
08/11/2019,62,0,33,0,4,7
07/11/2019,57,0,32,0,5,7
06/11/2019,48,0,34,0,2,7
05/11/2019,44,0,35,0,3,8
04/11/2019,52,0,34,0,2,5
03/11/2019,43,0,37,0,2,6
02/11/2019,55,0,37,0,2,6
01/11/2019,70,0,38,0,2,7
31/10/2019,71,0,35,0,3,8
30/10/2019,60,0,25,0,4,9
29/10/2019,55,0,31,0,4,7
28/10/2019,62,0,35,0,3,6
27/10/2019,73,0,33,0,3,7
26/10/2019,82,0,23,0,5,11
25/10/2019,72,0,26,0,6,11
24/10/2019,57,0,25,0,6,9
23/10/2019,46,0,23,0,5,6
22/10/2019, ,0,14,0,2,7
20/10/2019,63,0, ,0, , 
19/10/2019,89,0,1,0,2,9
18/10/2019,72,0,32,0,4,9
17/10/2019,67,0,29,0,4,8
16/10/2019,73,0,26,0,5,5
15/10/2019,52,0,26,0,6,6
14/10/2019,58,0,32,0,2,7
13/10/2019,80,0,28,0,2,7
12/10/2019,56,0,35,0,4,7
11/10/2019,43,0,28,0,2,7
10/10/2019,62,0,31,0,2,6
09/10/2019,67,0,37,0,3,6
08/10/2019,43,0,32,0,7,6
07/10/2019,46,0,29,0,5,6
06/10/2019,56,0,30,0,2,5
05/10/2019,54,0,36,0,5,6
04/10/2019,66,0,34,0,4,5
03/10/2019,69,0,27,0,7,5
02/10/2019,81,0,32,0,5,5
01/10/2019,62,0,41,0,7,7
30/09/2019,54,0,31,0,4,7
29/09/2019,73,0,34,0,3,6
28/09/2019,62,0,33,0,5,6
27/09/2019,69,0,37,0,4,6
26/09/2019,63,0,40,0,5,7
25/09/2019,62,0,38,0,4,6
24/09/2019,55,0,35,0,5,8
23/09/2019, ,0,31,0,4,5
22/09/2019,92,0, ,0, , 
21/09/2019,87,0,20,0,6,10
20/09/2019,84,0,37,0,5,7
19/09/2019,87,0,32,0,2,5
18/09/2019,78,0,30,0,3,4
17/09/2019,63,0,29,0,4,4
16/09/2019,56,0,36,0,4,4
15/09/2019,69,0,30,0,2,3
14/09/2019,113,0,29,0,2,4
13/09/2019,108,0,35,0,4,3
12/09/2019,69,0,27,0,4,5
11/09/2019,62,0,28,0,5,4
10/09/2019,45,0,36,0,4,3
09/09/2019,40,0,32,0,2,3
08/09/2019,36,0,42,0,2,2
07/09/2019,44,0,36,0,2,3
06/09/2019,70,0,30,0,3,3
05/09/2019,78,0,30,0,3,4
04/09/2019,84,0,29,0,2,5
03/09/2019,57,0,37,0,3,6
02/09/2019,41,0,39,0,3,7
01/09/2019,51,0,24,0,2,6
31/08/2019,41,0,35,0,2,7
30/08/2019,35,0,43,0,2,6
29/08/2019,33,0,34,0,1,3
28/08/2019,36,0,31,0,1,3
27/08/2019,41,0,32,0,2,4
26/08/2019,38,0,38,0,2,3
25/08/2019,37,0,35,0,1,3
24/08/2019,41,0,31,0,1,4
23/08/2019,40,0,35,0,2,5
22/08/2019,34,0,35,0,2,5
21/08/2019,38,0,34,0,1,2
20/08/2019,46,0,27,0,1,3
19/08/2019,37,0,29,0,1,4
18/08/2019,59,0,30,0,1,4
17/08/2019,53,0,38,0,3,6
16/08/2019,89,0,44,0,2,5
15/08/2019,79,0,47,0,1,5
14/08/2019,35,0,45,0,1,6
13/08/2019,38,0,29,0,1,5
12/08/2019,41,0,34,0,1,4
11/08/2019,36,0,29,0,1,5
10/08/2019,48,0,28,0,1,5
09/08/2019,39,0,29,0,2,5
08/08/2019,43,0,33,0,2,4
07/08/2019,45,0,34,0,2,4
06/08/2019,42,0,35,0,2,5
05/08/2019,28,0,38,0,1,6
04/08/2019,48,0,28,0,1,6
03/08/2019,73,0,32,0,1,6
02/08/2019,55,0,27,0,3,8
01/08/2019,36,0,28,0,2,6
31/07/2019,47,0,31,0,1,4
30/07/2019,40,0,33,0,3,4
29/07/2019,29,0,35,0,3,5
28/07/2019,40,0,24,0,2,6
27/07/2019,43,0,28,0,3,6
26/07/2019,77,0,28,0,3,6
25/07/2019,58,0,22,0,4,8
24/07/2019,72,0,24,0,3,6
23/07/2019,62,0,15,0,3,7
22/07/2019,30,0,23,0,3,5
21/07/2019,29,0,26,0,2,3
20/07/2019,29,0,24,0,3,4
19/07/2019,39,0,25,0,2,4
18/07/2019,45,0,23,0,3,4
17/07/2019,40,0,25,0,3,4
16/07/2019,51,0,27,0,4,6
15/07/2019,48,0,21,0,3,8
14/07/2019,61,0,21,0,2,7
13/07/2019,77,0,23,0,5,10
12/07/2019,61,0,11,0,7,12
11/07/2019,29,0,23,0,4,9
10/07/2019,41,0,24,0,2,5
09/07/2019,44,0,25,0,4,5
08/07/2019,23,0,21,0,3,4
07/07/2019,27,0,20,0,2,2
06/07/2019,55,0,21,0,3,2
05/07/2019,59,0,24,0,7,5
04/07/2019,79,0,23,0,6,7
03/07/2019,69,0,29,0,5,9
02/07/2019,39,0,21,0,5,9
01/07/2019,23,0,26,0,1,4
30/06/2019,41,0,23,0, ,1
29/06/2019,29,0,21,0,6,4
28/06/2019, ,0,23,0,1,2
27/06/2019, ,0,25,0,5,3
26/06/2019, ,0,30,0,4,7
25/06/2019,57,0,26,0,5,9
24/06/2019,26,0,22,0,1,7
23/06/2019,30,0,21,0, ,4
22/06/2019,22,0,24,0, ,4
21/06/2019,47,0,22,0, ,4
20/06/2019,35,0,19,0,2,7
19/06/2019,27,0,27,0,1,5
18/06/2019,32,0,22,0,1,4
17/06/2019,45,0,21,0, ,4
16/06/2019,65,0,22,0,2,5
15/06/2019,88,0,23,0,2,6
14/06/2019,84,0,15,0,4,10
13/06/2019,75,0,11,0,5,10
12/06/2019,71,0,15,0,6,10
11/06/2019,53,0,14,0,4,9
10/06/2019,41,0,18,0,2,7
09/06/2019,57,0,22,0,2,6
08/06/2019,64,0,25,0,3,7
07/06/2019,46,0,26,0,3,7
06/06/2019,39,0,24,0,3,7
05/06/2019,41,0,22,0,2,6
04/06/2019,40,0,21,0,3,7
03/06/2019,45,0,22,0,2,7
02/06/2019,53,0,22,0,2,8
01/06/2019,48,0,29,0,1,7
31/05/2019,61,0,19,0,2,7
30/05/2019,62,0,18,0,2,7
29/05/2019,59,0,23,0,3,8
28/05/2019,66,0,22,0,5,7
27/05/2019,45,0,28,0,4,6
26/05/2019,48,0,22,0,3,6
25/05/2019,52,0,27,0,3,4
24/05/2019,67,0,25,0,4,5
23/05/2019,67,0,21,0,5,7
22/05/2019,71,0,21,0,4,7
21/05/2019,68,0,24,0,3,6
20/05/2019,38,0,18,0,4,11
19/05/2019,44,0,13,0,1,8
18/05/2019,66,0,24,0,3,7
17/05/2019,56,0,22,0,2,8
16/05/2019,48,0,27,0,3,7
15/05/2019,65,0,20,0,4,8
14/05/2019,80,0,18,0,4,9
13/05/2019,61,0,9,0,6,10
12/05/2019,67,0,25,0,4,5
11/05/2019,62,0,30,0,5,6
10/05/2019,54,0,8,0,4,7
09/05/2019,61,0,18,0,5,6
08/05/2019,55,0,17,0,5,6
07/05/2019,39,0,19,0,5,8
06/05/2019, ,0,20,0,4,6
05/05/2019,40,0, ,0, , 
04/05/2019,48,0,4,0,8, 
03/05/2019,44,0,28,0,7, 
02/05/2019,45,0,27,0,5,10
01/05/2019,45,0,35,0,5,9
30/04/2019,49,0,21,0,6,8
29/04/2019,30,0,21,0,6,7
28/04/2019,60,0,25,0,4,5
27/04/2019,54,0,21,0,8,10
26/04/2019,63,0,23,0,8,8
25/04/2019,57,0,19,0,9,11
24/04/2019,64,0,19,0,6,13
23/04/2019,39,0,25,0,6,12
22/04/2019,65,0,3,0,6,15
21/04/2019,74,0,18,0,3, 
20/04/2019,57,0,25,0,4,6
19/04/2019,61,0,19,0,4,10
18/04/2019, ,0,26,0,4,9
17/04/2019,50,0,4,0, ,12
16/04/2019,57,0,16,0,6,7
15/04/2019,47,0,22,0,3,8
14/04/2019,55,0,28,0,3,7
13/04/2019,57,0,30,0,4,8
12/04/2019,61,0,34,0,5,8
11/04/2019,64,0,29,0,4,8
10/04/2019,37,0,27,0,9,7
09/04/2019,48,0,16,0,11,4
08/04/2019, ,0,20,0,12,8
07/04/2019,44,0, ,0, , 
06/04/2019,60,0,19,0,3,7
05/04/2019,57,0,22,0,3,7
04/04/2019,72,0,8,0,3,8
03/04/2019,55,0,19,0,5,13
02/04/2019,66,0,23,0,3,9
01/04/2019,55,0,6,0,3,13
31/03/2019,82,0,33,0,4,14
30/03/2019,79,0,23,0,8,20
29/03/2019,61,0,19,0,4,13
28/03/2019,78,0,34,0,3,11
27/03/2019,78,0,37,0,4,10
26/03/2019,94,0,23,0,2,6
25/03/2019,83,0,38,0,7,11
24/03/2019,86,0,36,0,6,17
23/03/2019,62,0,35,0,9,17
22/03/2019,59,0,26,0,6,11
21/03/2019,78,0,28,0,3,10
20/03/2019,59,0,24,0,6,16
19/03/2019,65,0,21,0,3,8
18/03/2019,60,0,35,0,3,11
17/03/2019,56,0,33,0,4,13
16/03/2019,61,0,34,0,5,12
15/03/2019,71,0,31,0,4,9
14/03/2019,85,0,32,0,5,10
13/03/2019,68,0,19,0,7,12
12/03/2019,50,0,24,0,5,9
11/03/2019,35,0,24,0,4,7
10/03/2019,49,0,25,0,3,5
09/03/2019,63,0,30,0,4,6
08/03/2019,84,0,38,0,6,9
07/03/2019,74,0,35,0,8,11
06/03/2019,69,0,36,0,5,8
05/03/2019,49,0,33,0,3,5
04/03/2019,68,0,29,0,3,5
03/03/2019,65,0,31,0,3,6
02/03/2019,56,0, ,0, , 
01/03/2019,56,0,28,0,4,8
28/02/2019,56,0,32,0,4,9
27/02/2019,74,0,31,0,4,10
26/02/2019,53,0,19,0,6,10
25/02/2019,30,0,23,0,4,9
24/02/2019,70,0,14,0,3,7
23/02/2019,61,0,28,0,4,8
22/02/2019,62,0,27,0,6,8
21/02/2019,65,0,21,0,6,8
20/02/2019,58,0,21,0,6,8
19/02/2019,63,0,19,0,4,8
18/02/2019,64,0,21,0,3,9
17/02/2019,80,0,35,0,4,7
16/02/2019,74,0,36,0,7,8
15/02/2019,73,0,15,0,7,11
14/02/2019,54,0,22,0,7,11
13/02/2019,59,0,21,0,5,7
12/02/2019,54,0,26,0,5,9
11/02/2019,49,0,22,0,4,8
10/02/2019,55,0,25,0,3,7
09/02/2019,69,0,22,0,3,8
08/02/2019,70,0,25,0,4,10
07/02/2019,69,0,14,0,4,9
06/02/2019,56,0,21,0,6,9
05/02/2019,55,0,19,0,4,8
04/02/2019,39,0,20,0,4,10
03/02/2019,50,0,28,0,3,6
02/02/2019,49,0,27,0,3,7
01/02/2019,65,0,25,0,3,8
31/01/2019,53,0,21,0,4,9
30/01/2019,58,0,28,0,4,7
29/01/2019,43,0,25,0,3,7
28/01/2019,47,0,21,0,3,9
27/01/2019,51,0,27,0,3,12
26/01/2019,57,0,26,0,5,11
25/01/2019,47,0,24,0,5,13
24/01/2019,43,0,20,0,5,7
23/01/2019,45,0,22,0,4,6
22/01/2019,53,0,24,0,4,6
21/01/2019,40,0,21,0,4,8
20/01/2019,56,0,20,0,3,6
19/01/2019,54,0,22,0,5,7
18/01/2019,69,0,25,0,7,8
17/01/2019,80,0,23,0,7,8
16/01/2019,72,0,22,0,7,9
15/01/2019,60,0,25,0,6,8
14/01/2019,50,0,25,0,4,6
13/01/2019,54,0,10,0,2,3
12/01/2019,51,0,29,0,3,4
11/01/2019,44,0,20,0,4,5
10/01/2019,70,0,14,0,3,6
09/01/2019,50,0,18,0,7,10
08/01/2019,70,0,13,0,3,9
07/01/2019,62,0,16,0,4,10
06/01/2019,59,0,24,0,5,8
05/01/2019,46,0,26,0,5,6
04/01/2019,39,0,18,0,5,6
03/01/2019,36,0,20,0,4,4
02/01/2019,49,0,20,0,4,3
01/01/2019, ,0,28,0,5,3
31/12/2018,42,0, ,0, , 
30/12/2018,44,0,27,0,3,4
29/12/2018,47,0,27,0,3,4
28/12/2018,48,0,25,0,4,6
27/12/2018,41,0,24,0,4,6
26/12/2018,37,0,19,0,2,4
25/12/2018,51,0,20,0,2,3
24/12/2018,42,0,19,0,3,4
23/12/2018, ,0, ,0,5,9
22/12/2018,73,0, ,0, , 
21/12/2018,65,0,20,0,5,8
20/12/2018,73,0,17,0,7,6
19/12/2018,69,0,17,0,6,7
18/12/2018,64,0,21,0,7,6
17/12/2018,50,0,22,0,6,5
16/12/2018,60,0,29,0,6, 
15/12/2018,69,0,20,0,8,4
14/12/2018,60,0, ,0,5,9
13/12/2018,56,0,18,0,6,7
12/12/2018,71,0,16,0,5,3
11/12/2018,60,0,15,0,5,5
10/12/2018,48,0,19,0,5,10
09/12/2018,66,0,22,0,3,8
08/12/2018,69,0,24,0,3,9
07/12/2018,77,0,28,0,4,10
06/12/2018,82,0,28,0,5,11
05/12/2018,80,0,28,0,6,9
04/12/2018,69,0,21,0,5,9
03/12/2018,55,0,17,0,5,10
02/12/2018,63,0,29,0,4,10
01/12/2018,65,0,17,0,5,12
30/11/2018,80,0,11,0,5,13
29/11/2018,70,0,12,0,8,14
28/11/2018,63,0,26,0,6,11
27/11/2018,59,0,9,0,4,10
26/11/2018,60,0,12,0,5,10
25/11/2018,73,0,22,0,3,8
24/11/2018,63,0,27,0,5,10
23/11/2018,78,0,27,0,4,9
22/11/2018,77,0,22,0,4,10
21/11/2018,76,0,23,0,7,9
20/11/2018,64,0,24,0,8,9
19/11/2018, ,0,12,0,8,12
18/11/2018,85,0, ,0, , 
17/11/2018,69,0,34,0,13,10
16/11/2018,65,0,19,0,6,11
15/11/2018,69,0,19,0,7,7
14/11/2018,64,0,21,0,2,6
13/11/2018,70,0,24,0,6,6
12/11/2018, ,0,18,0,9,8
11/11/2018,60,0, ,0, , 
10/11/2018,67,0,27,0,5,5
09/11/2018,65,0,19,0,8,7
08/11/2018,74,0,22,0,9,6
07/11/2018,71,0,29,0,9,7
06/11/2018,60,0,29,0,17,4
05/11/2018,50,0,16,0,11,7
04/11/2018,59,0,25,0,4,7
03/11/2018,63,0,26,0,5,8
02/11/2018,62,0,34,0,7,8
01/11/2018,90,0,27,0,8,8
31/10/2018,76,0,24,0,10,10
30/10/2018,73,0,33,0,6,7
29/10/2018,75,0,29,0,7,7
28/10/2018,79,0,31,0,6,6
27/10/2018,96,0,23,0,7,7
26/10/2018,110,0,24,0,14,5
25/10/2018,87,0,30,0,24,6
24/10/2018,87,0,34,0,12,5
23/10/2018,87,0,28,0,8,6
22/10/2018,70,0,33,0,9,7
21/10/2018,84,0,40,0,6, 
20/10/2018,122,0,32,0,8,1
19/10/2018,115,0,32,0,13,7
18/10/2018,106,0,24,0,12,7
17/10/2018,89,0,33,0,13,8
16/10/2018,81,0,30,0,13,7
15/10/2018,70,0,42,0,9,7
14/10/2018,75,0,30,0,6,6
13/10/2018,81,0,32,0,12,6
12/10/2018,85,0,26,0,12,7
11/10/2018,85,0,21,0,12,6
10/10/2018,81,0,17,0,13,8
09/10/2018,68,0,2,0,10,8
08/10/2018,91,0, ,0, , 
07/10/2018,96,0,30,0,9,11
06/10/2018,104,0,32,0,11,11
05/10/2018,93,0,32,0,20,10
04/10/2018,81,0,34,0,20,10
03/10/2018,99,0,36,0,11,8
02/10/2018,86,0,38,0,10,7
01/10/2018,67,0,42,0,8,8
30/09/2018,63,0,47,0,4,4
29/09/2018,65,0,46,0,4,6
28/09/2018,69,0,41,0,5,8
27/09/2018,60,0,34,0,4,7
26/09/2018,48,0,35,0,4,6
25/09/2018, ,0,39,0,4,6
24/09/2018,51,0, ,0, , 
23/09/2018,47,0,19,0,5,5
22/09/2018,54,0,37,0,2,4
21/09/2018,49,0,36,0,4,4
20/09/2018,49,0,36,0,3,3
19/09/2018,67,0,37,0,4,3
18/09/2018,73,0,37,0,5,5
17/09/2018,42,0,30,0,8,9
16/09/2018,62,0,32,0,3,8
15/09/2018,68,0,31,0,3,7
14/09/2018,85,0,20,0,3,7
13/09/2018,76,0,42,0,5,10
12/09/2018,60,0,33,0,3,8
11/09/2018,58,0,33,0,2,7
10/09/2018, ,0,29,0,3,7
08/09/2018,85,0, ,0, , 
07/09/2018,46,0,38,0,5,6
06/09/2018,55,0,44,0,3,2
05/09/2018,29,0,46,0,3,3
04/09/2018,47,0,31,0,3,2
03/09/2018,39,0,36,0,3,2
02/09/2018,52,0,38,0,2,2
01/09/2018,60,0,34,0,6,4
31/08/2018,55,0,41,0,3,4
30/08/2018,36,0,37,0,4,3
29/08/2018,34,0,33,0,2,6
28/08/2018,38,0,32,0,3,6
27/08/2018,34,0,30,0,3,3
26/08/2018,34,0,38,0,2,1
25/08/2018,34,0,28,0,2,2
24/08/2018,41,0, ,0, , 
23/08/2018,55,0, ,0, , 
22/08/2018,97,0, ,0, , 
21/08/2018,39,0, ,0, , 
20/08/2018,50,0, ,0, , 
19/08/2018,37,0, ,0, , 
18/08/2018,45,0, ,0, , 
17/08/2018,42,0, ,0, , 
16/08/2018,45,0, ,0, , 
15/08/2018,60,0, ,0, , 
14/08/2018,49,0, ,0, , 
13/08/2018,39,0, ,0, , 
12/08/2018,38,0, ,0, , 
11/08/2018,39,0, ,0, , 
10/08/2018,36,0, ,0, , 
09/08/2018,37,0, ,0, , 
08/08/2018,37,0, ,0, , 
07/08/2018,43,0, ,0, , 
06/08/2018,64,0, ,0, , 
05/08/2018,52,0, ,0, , 
04/08/2018,64,0, ,0, , 
03/08/2018,51,0, ,0, , 
02/08/2018,55,0, ,0, , 
01/08/2018,67,0, ,0, , 
31/07/2018,52,0, ,0, , 
30/07/2018,58,0, ,0, , 
29/07/2018,55,0, ,0, , 
28/07/2018,66,0, ,0, , 
27/07/2018,63,0, ,0, , 
26/07/2018,60,0, ,0, , 
25/07/2018,48,0, ,0, , 
24/07/2018,49,0, ,0, , 
23/07/2018,53,0, ,0, , 
22/07/2018,66,0, ,0, , 
21/07/2018,73,0, ,0, , 
20/07/2018,56,0, ,0, , 
19/07/2018,54,0, ,0, , 
18/07/2018,41,0, ,0, , 
17/07/2018,40,0, ,0, , 
16/07/2018,30,0, ,0, , 
15/07/2018,47,0, ,0, , 
14/07/2018,36,0, ,0, , 
13/07/2018,45,0, ,0, , 
12/07/2018,42,0, ,0, , 
11/07/2018,49,0, ,0, , 
08/07/2018,46,0, ,0, , 
07/07/2018,41,0, ,0, , 
06/07/2018,43,0, ,0, , 
05/07/2018,42,0, ,0, , 
04/07/2018,48,0, ,0, , 
03/07/2018,64,0, ,0, , 
02/07/2018,30,0, ,0, , 
01/07/2018,72,0, ,0, , 
30/06/2018,70,0, ,0, , 
29/06/2018,72,0, ,0, , 
28/06/2018,61,0, ,0, , 
27/06/2018,69,0, ,0, , 
26/06/2018,64,0, ,0, , 
25/06/2018,56,0, ,0, , 
24/06/2018,55,0, ,0, , 
23/06/2018,55,0, ,0, , 
22/06/2018,37,0, ,0, , 
21/06/2018,38,0, ,0, , 
20/06/2018,45,0, ,0, , 
19/06/2018,28,0, ,0, , 
18/06/2018,22,0, ,0, , 
16/06/2018,45,0, ,0, , 
15/06/2018,54,0, ,0, , 
14/06/2018,57,0, ,0, , 
13/06/2018,57,0, ,0, , 
10/06/2018,65,0, ,0, , 
09/06/2018,62,0, ,0, , 
08/06/2018,39,0, ,0, , 
07/06/2018,41,0, ,0, , 
06/06/2018,41,0, ,0, , 
05/06/2018,44,0, ,0, , 
04/06/2018,43,0, ,0, , 
03/06/2018,52,0, ,0, , 
02/06/2018,58,0, ,0, , 
01/06/2018,56,0, ,0, , 
31/05/2018,62,0, ,0, , 
30/05/2018,79,0, ,0, , 
29/05/2018,70,0, ,0, , 
28/05/2018,71,0, ,0, , 
27/05/2018,68,0, ,0, , 
26/05/2018,67,0, ,0, , 
25/05/2018,76,0, ,0, , 
24/05/2018,66,0, ,0, , 
23/05/2018,72,0, ,0, , 
22/05/2018,64,0, ,0, , 
21/05/2018,68,0, ,0, , 
20/05/2018,66,0, ,0, , 
19/05/2018,67,0, ,0, , 
18/05/2018,68,0, ,0, , 
17/05/2018,67,0, ,0, , 
16/05/2018,66,0, ,0, , 
15/05/2018,65,0, ,0, , 
12/05/2018,73,0, ,0, , 
11/05/2018,79,0, ,0, , 
10/05/2018,65,0, ,0, , 
09/05/2018,61,0, ,0, , 
08/05/2018,49,0, ,0, , 
07/05/2018,60,0, ,0, , 
06/05/2018,61,0, ,0, , 
05/05/2018,80,0, ,0, , 
04/05/2018,77,0, ,0, , 
03/05/2018,56,0, ,0, , 
02/05/2018,70,0, ,0, , 
01/05/2018,63,0, ,0, , 
30/04/2018,58,0, ,0, , 
29/04/2018,59,0, ,0, , 
28/04/2018,78,0, ,0, , 
27/04/2018,87,0, ,0, , 
26/04/2018,59,0, ,0, , 
25/04/2018,69,0, ,0, , 
24/04/2018,49,0, ,0, , 
23/04/2018,47,0, ,0, , 
22/04/2018,65,0, ,0, , 
21/04/2018,43,0, ,0, , 
20/04/2018,45,0, ,0, , 
19/04/2018,52,0, ,0, , 
18/04/2018,51,0, ,0, , 
17/04/2018,69,0, ,0, , 
16/04/2018,42,0, ,0, , 
15/04/2018,62,0, ,0, , 
14/04/2018,61,0, ,0, , 
13/04/2018,73,0, ,0, , 
12/04/2018,82,0, ,0, , 
11/04/2018,51,0, ,0, , 
10/04/2018,65,0, ,0, , 
09/04/2018,52,0, ,0, , 
08/04/2018,71,0, ,0, , 
07/04/2018,53,0, ,0, , 
06/04/2018,66,0, ,0, , 
05/04/2018,58,0, ,0, , 
04/04/2018,67,0, ,0, , 
03/04/2018,69,0, ,0, , 
30/03/2018,78,0, ,0, , 
29/03/2018,79,0, ,0, , 
28/03/2018,88,0, ,0, , 
27/03/2018,83,0, ,0, , 
26/03/2018,64,0, ,0, , 
25/03/2018,71,0, ,0, , 
24/03/2018,89,0, ,0, , 
23/03/2018,68,0, ,0, , 
22/03/2018,63,0, ,0, , 
21/03/2018,87,0, ,0, , 
20/03/2018,60,0, ,0, , 
19/03/2018,64,0, ,0, , 
18/03/2018,81,0, ,0, , 
17/03/2018,71,0, ,0, , 
16/03/2018,91,0, ,0, , 
15/03/2018,67,0, ,0, , 
14/03/2018,82,0, ,0, , 
13/03/2018,52,0, ,0, , 
12/03/2018,39,0, ,0, , 
11/03/2018,39,0, ,0, , 
10/03/2018,65,0, ,0, , 
09/03/2018,64,0, ,0, , 
08/03/2018,64,0, ,0, , 
07/03/2018,64,0, ,0, , 
06/03/2018,65,0, ,0, , 
05/03/2018,57,0, ,0, , 
04/03/2018,68,0, ,0, , 
03/03/2018,67,0, ,0, , 
02/03/2018,74,0, ,0, , 
01/03/2018,51,0, ,0, , 
28/02/2018,60,0, ,0, , 
27/02/2018,55,0, ,0, , 
26/02/2018,43,0, ,0, , 
25/02/2018,43,0, ,0, , 
24/02/2018,43,0, ,0, , 
23/02/2018,51,0, ,0, , 
22/02/2018,51,0, ,0, , 
21/02/2018,56,0, ,0, , 
20/02/2018,48,0, ,0, , 
19/02/2018,60,0, ,0, , 
18/02/2018,70,0, ,0, , 
17/02/2018,74,0, ,0, , 
16/02/2018,60,0, ,0, , 
15/02/2018,83,0, ,0, , 
14/02/2018,83,0, ,0, , 
13/02/2018,81,0, ,0, , 
12/02/2018,69,0, ,0, , 
11/02/2018,67,0, ,0, , 
10/02/2018,58,0, ,0, , 
09/02/2018,50,0, ,0, , 
08/02/2018,60,0, ,0, , 
07/02/2018,49,0, ,0, , 
06/02/2018,44,0, ,0, , 
05/02/2018,51,0, ,0, , 
04/02/2018,70,0, ,0, , 
03/02/2018,70,0, ,0, , 
02/02/2018,80,0, ,0, , 
01/02/2018,76,0, ,0, , 
31/01/2018,66,0, ,0, , 
30/01/2018,67,0, ,0, , 
29/01/2018,49,0, ,0, , 
28/01/2018,59,0, ,0, , 
27/01/2018,62,0, ,0, , 
26/01/2018,42,0, ,0, , 
25/01/2018,41,0, ,0, , 
24/01/2018,53,0, ,0, , 
23/01/2018,64,0, ,0, , 
21/01/2018,43,0, ,0, , 
20/01/2018,49,0, ,0, , 
19/01/2018,60,0, ,0, , 
18/01/2018,63,0, ,0, , 
17/01/2018,71,0, ,0, , 
16/01/2018,58,0, ,0, , 
15/01/2018,40,0, ,0, , 
14/01/2018,69,0, ,0, , 
13/01/2018,77,0, , , , 
12/01/2018,83,0, , , , 
11/01/2018,79,0, , , , 
10/01/2018,92,0, , , , 
09/01/2018,75,0, , , , 
08/01/2018,52, , , , , 
07/01/2018,77, , , , , 
06/01/2018,81, , , , , 
05/01/2018,77, , , , , 
04/01/2018,90, , , , , 
03/01/2018,75, , , , , 
02/01/2018,87, , , , , 
01/01/2018,58, , , , , 
30/12/2017,47, , , , , 
29/12/2017,66, , , , , 
28/12/2017,52, , , , , 
27/12/2017,50, , , , , 
26/12/2017,36, , , , , 
25/12/2017,55, , , , , 
24/12/2017,59, , , , , 
23/12/2017,66, , , , , 
22/12/2017,68, , , , , 
21/12/2017,76, , , , , 
20/12/2017,82, , , , , 
17/12/2017,65, , , , , 
16/12/2017,63, , , , , 
15/12/2017,75, , , , , 
14/12/2017,74, , , , , 
13/12/2017,55, , , , , 
12/12/2017,55, , , , , 
11/12/2017,50, , , , , 
10/12/2017,58, , , , , 
09/12/2017,68, , , , , 
08/12/2017,67, , , , , 
07/12/2017,52, , , , , 
06/12/2017,55, , , , , 
05/12/2017,67, , , , , 
04/12/2017,59, , , , , 
28/11/2017,72, , , , , 
27/11/2017,53, , , , , 
26/11/2017,75, , , , , 
25/11/2017,88, , , , , 
24/11/2017,90, , , , , 
22/11/2017,66, , , , , 
21/11/2017,83, , , , , 
20/11/2017,57, , , , , 
19/11/2017,70, , , , , 
18/11/2017,69, , , , , 
17/11/2017,73, , , , , 
14/11/2017,101, , , , , 
13/11/2017,67, , , , , 
12/11/2017,72, , , , , 
11/11/2017,82, , , , , 
10/11/2017,83, , , , , 
09/11/2017,101, , , , , 
08/11/2017,81, , , , , 
07/11/2017,70, , , , , 
06/11/2017,54, , , , , 
05/11/2017,58, , , , , 
04/11/2017,75, , , , , 
03/11/2017,83, , , , , 
02/11/2017,78, , , , , 
01/11/2017,85, , , , , 
31/10/2017,63, , , , , 
30/10/2017,48, , , , , 
29/10/2017,55, , , , , 
28/10/2017,84, , , , , 
27/10/2017,80, , , , , 
26/10/2017,68, , , , , 
25/10/2017,72, , , , , 
24/10/2017,63, , , , , 
23/10/2017,56, , , , , 
22/10/2017,71, , , , , 
21/10/2017,55, , , , , 
20/10/2017,49, , , , , 
19/10/2017,41, , , , , 
18/10/2017,36, , , , , 
17/10/2017,35, , , , , 
16/10/2017,42, , , , , 
15/10/2017,66, , , , , 
14/10/2017,79, , , , , 
08/11/2016,38, , , , , 
07/11/2016,35, , , ,1,6
06/11/2016,41, , , , ,5
05/11/2016,56, , , , ,5
04/11/2016,66, , , ,1,6
03/11/2016,76, , , ,5,5
02/11/2016,83, , , ,1,6
01/11/2016,82, , , ,1,8
31/10/2016,64, , , ,1,10
30/10/2016,59, , , ,1,8
29/10/2016,110, , , ,1,8
28/10/2016,75, , , ,5,15
27/10/2016,64, , , ,2,8
26/10/2016,61, , , ,1,7
25/10/2016,76, , , ,1,7
24/10/2016, , , , ,2,8
22/10/2016,62, , , , , 
21/10/2016,59, , , ,2,8
20/10/2016,59, , , ,1,6
19/10/2016,60, , , ,1,6
18/10/2016,70, , , ,2,7
17/10/2016,66, , , ,2,10
16/10/2016,56, , , ,2,12
15/10/2016,73, , , ,1,11
14/10/2016,66, , , ,2,12
13/10/2016,72, , , ,1,13
12/10/2016,70, , , ,1,11
11/10/2016,66, , , ,1,10
10/10/2016,65, , , ,1,10
09/10/2016,63, , , , ,8
08/10/2016, , , , , ,10
19/09/2016, ,30, , , , 
18/09/2016, ,24, , , , 
17/09/2016, ,27, , , , 
16/09/2016, ,28, , , , 
15/09/2016, ,24, , , , 
14/09/2016, ,26, , , , 
13/09/2016, ,25, , , , 
12/09/2016, ,32, , , , 
11/09/2016, ,22, , , , 
10/09/2016, ,24, , , , 
09/09/2016, ,30, , , , 
08/09/2016, ,27, , , , 
07/09/2016,43,21, , , , 
06/09/2016,44,28,10,22,3,6
05/09/2016,50,34,37,27,1,8
04/09/2016,64,39,49,25,2,9
03/09/2016,60,34,60,28,3,9
02/09/2016,68,28,46,27,2,9
01/09/2016,62,27,34,30,3,9
31/08/2016,73,38,43,29,3,9
30/08/2016,59,31,43,31,6,10
29/08/2016,49,36,43,27,2,7
28/08/2016,43,31,46,21,2,7
27/08/2016,58,43,26,25,2,7
26/08/2016,45,32,36,28,3,8
25/08/2016,52,40,46,25,2,6
24/08/2016,38,37,85,29,2,6
23/08/2016,32,32,59,20,2,6
22/08/2016, ,36,47,15, ,5
20/08/2016,55, , , , , 
19/08/2016,50,29,38,27,4,8
18/08/2016,38,30,36,26,2,8
17/08/2016,44,35,36,20,2,6
16/08/2016,36,36,35,24,2,7
15/08/2016,27,33,40,19,2,6
14/08/2016,37,36,36,11,1,4
13/08/2016,46,31,51,18,1,5
12/08/2016,48,31,40,24,4,6
11/08/2016,55,37,38,24,4,6
10/08/2016,43,36,36,22,3,6
09/08/2016,47,40,35,19,2,5
08/08/2016,41,36,35,20,2,7
07/08/2016,49,28,37,15,1,8
06/08/2016,48,39,48,21,3,8
05/08/2016, ,41,38,19,3,7
31/07/2016,47, , , , , 
30/07/2016,45,23,38,21,2,8
29/07/2016,33,33,35,24,3,7
28/07/2016,49,45,40,17,1,6
27/07/2016,47,32,32,20,2,7
26/07/2016,54,31,36,21,2,8
25/07/2016,49,36,30,22,2,7
24/07/2016,57,29,40,18,2,7
23/07/2016,62,34,38,25,3,9
22/07/2016,42,34,29,27,4,8
21/07/2016,55,27,31,21,7,6
20/07/2016,47,22,26,31,7,9
19/07/2016,37,26,36,24,4,6
18/07/2016,41,27,32,19,4,7
17/07/2016,57,33,39,18,3,6
16/07/2016,67,33,43,26,6,8
15/07/2016,61,29,40,30,8,11
14/07/2016,68,27,31,27,5,9
13/07/2016,53,33,29,29,7,10
12/07/2016,41,30,36,26,7,8
11/07/2016,34,29,35,20,4,5
10/07/2016,25,27,38,13,3,4
09/07/2016,34,26,37,14,3,4
08/07/2016,35,33,38,17,4,6
07/07/2016,51,36,27,16,5,8
06/07/2016,69,28,31,18,5,9
05/07/2016,53,30,21,24,5,11
04/07/2016,57,22,30,20,4,9
03/07/2016,56,21,34,20,4,8
02/07/2016,39,20,29,23,4,9
01/07/2016,30,26,27,19,4,6
30/06/2016,28,29,28,15,4,6
29/06/2016,32,27,31,15,4,5
28/06/2016,28,24,32,15,3,6
27/06/2016,40,21,35,13,3,5
26/06/2016,59,17,31,15,3,7
25/06/2016,62,28,32,21,6,11
24/06/2016,57,18,21,24,4,9
23/06/2016,39,25,27,24,5,8
22/06/2016,53,28,31,18,4,5
21/06/2016,59,26,33,22,5,9
20/06/2016,57,28,25,21,4,11
19/06/2016,47,28,27,20,3,11
18/06/2016,43,32,31,21,4,10
17/06/2016,34,24,31,18,4,9
16/06/2016,31,23,27,15,3,7
15/06/2016,50,27,30,15,3,7
14/06/2016,49,22,27,19,4,9
13/06/2016,38,20,22,17,3,8
12/06/2016,38,23,32,16,3,8
11/06/2016,54,23,32,18,3,8
10/06/2016,45,29,32,24,5,10
09/06/2016,50,22,37,21,4,8
08/06/2016,81,18,25,25,4,9
07/06/2016,81,28,27,31,8,15
06/06/2016,59,22,17,38,6,12
05/06/2016,71,21,41,23,7,8
04/06/2016,64,25,35,32,8,13
03/06/2016,73,18,17,31,4,9
02/06/2016,62,17,15,28,4,9
01/06/2016,76,27,29,23,5,8
31/05/2016,72,29,32,34,4,10
30/05/2016,47,24,26, ,4,12
29/05/2016,64,12,22, ,1,8
28/05/2016,48,26,32, ,2,9
27/05/2016,67,25,36, ,1,8
26/05/2016,69,30,34, ,5,9
25/05/2016,45,12,20, ,5,10
24/05/2016,32,32,23, ,4,7
23/05/2016,30,29,28,12,3,5
22/05/2016,43,33,25, ,2,5
21/05/2016,51,31,27, ,3,6
20/05/2016,43,28,24, ,4,8
19/05/2016,45,29,30, ,5,6
18/05/2016,65,25,29, ,4,7
17/05/2016,40,27,23, ,9,10
16/05/2016,23,27,39, ,4,7
15/05/2016,26,22,28, ,2,4
14/05/2016,40,23,24, ,3,6
13/05/2016,66,28,26,14,2,6
12/05/2016,76,20,30,26,4,7
11/05/2016,40,25,34,36,5,12
10/05/2016,113,17,19,42,5,16
09/05/2016, ,24,26,34,8,12
08/05/2016,95,19, , , , 
07/05/2016,60,14,11,27,3,5
06/05/2016,52,26,26,30,5,8
05/05/2016,72,23,26,32,5,7
04/05/2016,60,26,12,51,7,7
03/05/2016,76,14,28,27,3,9
02/05/2016,49,21,28,36,4,13
01/05/2016,63,18,29,25,3,10
30/04/2016,79,14,3,24,5,9
29/04/2016,64,23,29,36,6,13
28/04/2016,64,15,26,36,3,11
27/04/2016,74,22,32,27,4,9
26/04/2016,53,29,38,28,6,11
25/04/2016,44,20,36,24,2,8
24/04/2016,54,13,28,14,1,5
23/04/2016,54,18,27,24,3,8
22/04/2016,50,28,24,24,5,8
21/04/2016,48,33,26,21,4,6
20/04/2016,74,30,30,20,4,9
19/04/2016,51,33,29,26,6,14
18/04/2016,44,24,22,21,5,11
17/04/2016,78,21,24,18,2,8
16/04/2016,74,36,35,34,5,17
15/04/2016,82,31,39,28,5,13
14/04/2016,52,27,36,35,8,13
13/04/2016,60,16,22,30,6,9
12/04/2016,50,15,17,30,6,13
11/04/2016,57,17,20,28,3,11
10/04/2016,60,17,31,23,5,10
09/04/2016,59,19,24,24,7,11
08/04/2016,61,27,23,25,5,11
07/04/2016,64,19,34,26,4,10
06/04/2016,42,33,29,28,6,11
05/04/2016,75,14,31,24,4,8
04/04/2016,43,27,27,38,5,13
03/04/2016,47,16,37,28,2,8
02/04/2016,60,12,20,30,5,9
01/04/2016,83,13,18,30,2,11
31/03/2016,67,27,28,39,7,12
30/03/2016,82,13,26,39,3,12
29/03/2016,69,28,28,39,6,11
28/03/2016,53,22,29,30,3,9
27/03/2016,59,35,36,17,2,6
26/03/2016,41,25,2,23,4,9
25/03/2016,54,32,38,16,2,5
24/03/2016,67,34,32,27,6,8
23/03/2016,48,26,31,29,7,10
22/03/2016,51,33,25,20,6,10
21/03/2016,40,41,25,22,4,10
20/03/2016,44,18,29,19,3,8
19/03/2016,67,19,29,20,2,9
18/03/2016,62,17,24,24,5,11
17/03/2016,68,13,16,23,3,12
16/03/2016,60,26,28,27,4,10
15/03/2016,85, ,38,28,5,11
14/03/2016,56, ,28,46,6,13
13/03/2016,54, ,32,25,2,8
12/03/2016,56, ,31,28,2,8
11/03/2016,80, ,42,32,4,9
10/03/2016,71, ,41,33,7,9
09/03/2016,70, ,31,30,7,10
08/03/2016,55, ,34,29,6,14
07/03/2016,43, ,12,27,4,12
06/03/2016,48, ,33,20,2,7
05/03/2016,60, ,28,24,2,8
04/03/2016,71, ,25,24,3,9
03/03/2016,58, ,16,29,3,10
02/03/2016,64, ,31,25,4,9
01/03/2016,48, ,27,26,4,9
29/02/2016,58, ,29,19,2,7
28/02/2016,60, ,37,24,4,8
27/02/2016,67, ,39,22,6,7
26/02/2016,69, ,26,26,2,8
25/02/2016,88, ,27,30,4,9
24/02/2016,66, ,11,40,7,13
23/02/2016,61, ,38,34,6,9
22/02/2016,50, ,32,28,4,8
21/02/2016,58, ,40,19,2,5
20/02/2016,54, ,34,26,4,7
19/02/2016,49, ,36,26,4,8
18/02/2016,60, ,35,26,4,8
17/02/2016,34, ,29,29,6,10
16/02/2016,57, ,33,18,3,6
15/02/2016,36, ,26,24,5,9
14/02/2016,52, ,31,17,3,7
13/02/2016,56, ,33,27,5,10
12/02/2016,50, ,34,26,6,8
11/02/2016,47, ,28,23,7,7
10/02/2016,38, ,28,22,7,7
09/02/2016,48, ,28,19,3,5
08/02/2016,40, ,30,22,4,5
07/02/2016,65, ,40,17,3,5
06/02/2016,67, ,44,29,8,8
05/02/2016,77, ,35,32,7,9
04/02/2016,85, ,32,32,9,8
03/02/2016,84, ,31,34,6,9
02/02/2016,86, ,56,34,8,9
01/02/2016,83, ,65,36,8,9
31/01/2016,74, ,38,36,9,9
30/01/2016,86, ,26,32,8,8
29/01/2016,82, ,30,34,12,10
28/01/2016,75, ,58,36,12,9
27/01/2016,75, ,59,28,7,7
26/01/2016,55, ,41,33,10,10
25/01/2016,33, ,12,30,5,9
24/01/2016,53, ,35,14,3,4
23/01/2016,76, ,42,23,7,6
22/01/2016,79, ,38,31,11,8
21/01/2016,67, ,23,34,10,7
20/01/2016,65, ,21,27,5,5
19/01/2016,61, ,36,25,8,5
18/01/2016,64, ,37,20,9,4
17/01/2016,60, ,36,22,7,4
16/01/2016,76, ,39,23,5,5
15/01/2016,48, ,38,34,12,8
14/01/2016,51, ,29,25,6,5
13/01/2016,46, ,9,24,3,7
12/01/2016,45, ,22,22,3,7
11/01/2016,30, ,24,22,4,5
10/01/2016,58, ,27,15,2,3
09/01/2016,63, ,38,27,6,7
08/01/2016,54, ,26,29,6,6
07/01/2016, , ,5,26,3,2
24/11/2015,93, , , , , 
23/11/2015,74,32,19,40,10,12
22/11/2015,62,37,28,32,17,8
21/11/2015,59,25,29,31,6,9
20/11/2015,64,24,33,25,4,7
19/11/2015,81,18,32,27,7,7
18/11/2015,78,24,27,46,18,12
17/11/2015,57,28,21,45,11,12
16/11/2015,42,29,37,30,6,9
15/11/2015,44,23,33,22,3,7
14/11/2015,63,34,36,24,4,7
13/11/2015,73,33,43,33,5,10
12/11/2015,55,33,45,36,7,10
11/11/2015,65,30,39,30,6,8
10/11/2015, ,29,39,33,9,9
05/11/2015,82, , , , , 
04/11/2015,75,39,29,38,5,10
03/11/2015,78,34,45,24,3,6
02/11/2015,55,28,35,25,4,5
01/11/2015,67,17,36,19,2,5
31/10/2015,80,20,31,42,4,8
30/10/2015,60,32,39,51,5,12
29/10/2015,51,26,39,37,4,9
28/10/2015,55,36,42,36,3,9
27/10/2015,66,38,47,37,3,9
26/10/2015,53,36,46,37,3,10
25/10/2015,55,17,33,30,2,8
24/10/2015,84,34,46,27,2,7
23/10/2015,87,40,46,37,3,8
22/10/2015,50,37,46,33,3,8
21/10/2015,53,40,39,26,3,6
20/10/2015,43,36,31,29,3,7
19/10/2015,63,24,42,24,3,9
18/10/2015,46,20,34,30,3,11
17/10/2015,79,23,35,29,3,10
16/10/2015,72,18,25,45,4,14
15/10/2015,69,23,26,42,4,12
14/10/2015,62,15,23,41,4,10
13/10/2015,66,21,28,28,3,7
12/10/2015,66,27,36,28,4,10
11/10/2015,65,56,35,28,3,10
10/10/2015,75,22,37,27,3,9
09/10/2015,61,38,43,27,5,9
08/10/2015,50,43,49,32,5,8
07/10/2015,62,38,37,30,5,8
06/10/2015,36,39,40,32,5,7
05/10/2015,44,29,47,22,4,10
04/10/2015,76,36,41,25,8,7
03/10/2015,92,38,39,36,15,12
02/10/2015,99,44,39,43,18,10
01/10/2015,87,41,25,44,7,8
30/09/2015,71,41,37,38,6,5
29/09/2015,57,45,62,28,5,8
28/09/2015,45,44,52,25,4,8
27/09/2015,48,35,43,18,4,6
26/09/2015,47,42,43,22,4,6
25/09/2015,48,43,45,28,4,7
24/09/2015,51,43,44,25,4,6
23/09/2015,50,37,35,25,6,7
22/09/2015,52,30,45,25,4,6
21/09/2015,46,43,48,25,4,8
20/09/2015,53,44,46,20,3,8
19/09/2015,89,47,31,29,6,10
18/09/2015,92,41,40,31,8,12
17/09/2015,53,48,53,30,6,11
16/09/2015,78,51,48,24,4,8
15/09/2015,56,55,84,27,6,7
14/09/2015,44,52,117,24,4,5
13/09/2015,44,47,98,16,3,3
12/09/2015,52,56,74,27,3,4
11/09/2015,51,50,77,32,4,5
10/09/2015,69,36,80,30,4,10
09/09/2015,46,58,43,28,7,8
08/09/2015,71,39,46,22,6,6
07/09/2015,57,42,38,24,5,7
06/09/2015,41,28,39,23,4,7
05/09/2015,44,44,41,22,4,6
04/09/2015,36,45,48,27,6,6
03/09/2015,39,46,44,18,3,5
02/09/2015,43,41,35,23,4,6
01/09/2015,32,31,35,21,4,5
31/08/2015,31,31,36,16,3,5
30/08/2015,29,35,39,13,3,6
29/08/2015,44,36,35,17,3,6
28/08/2015,83,45,34,27,5,8
27/08/2015,69,44,44,29,8,9
26/08/2015,64,40,43,32,6,9
25/08/2015,65,32,30,33,7,9
24/08/2015,61,38,39,23,3,7
23/08/2015,56,44,37,29,3,7
22/08/2015,47,45,42,27,4,6
21/08/2015,39,40,40,23,3,5
20/08/2015,40,38,36,22,3,5
19/08/2015,39,36,42,18,4,6
18/08/2015,38,35,52,20,3,7
17/08/2015,28,26,43,16,3,6
16/08/2015,50,24,37,12,1,5
15/08/2015,50,24,31,22,3,8
14/08/2015,44,30,24,25,6,8
13/08/2015,45,38,41,19,3,5
12/08/2015,52,45,34,21,4,5
11/08/2015,52,44,35,22,6,5
10/08/2015,62,32,38,21,3,4
09/08/2015,63,22,34,23,5,4
08/08/2015,41,40,32,28,6,8
07/08/2015,38,42,32,21,3,4
06/08/2015,33,29,40,19,5,5
05/08/2015,34,31,32,16,4,6
04/08/2015,37,32,28,16,4,6
03/08/2015,35,39,34,15,3,6
02/08/2015,36,29,34,12,2,5
01/08/2015,41,36,31,18,3,6
31/07/2015,48,33,31,24,5,7
30/07/2015,40,31,24,27,3,8
29/07/2015,50,24,26,23,4,7
28/07/2015,32,21,23,20,2,7
27/07/2015,27,26,20,15,2,5
26/07/2015,28,22,34,13,2,4
25/07/2015,33,25,28,16,2,5
24/07/2015,50,21,26,20,3,6
23/07/2015,53,20,26,21,5,10
22/07/2015,65,14,17,22,6,11
21/07/2015,66,27,26,27,6,10
20/07/2015,65,26,26,29,7,8
19/07/2015,43,30,33,27,8,8
18/07/2015,36,27,26,23,3,7
17/07/2015,89,37,37,21,3,5
16/07/2015,64,32,3,30,12,10
15/07/2015,63,47,24,26,8,9
14/07/2015,53,36,21,32,7,9
13/07/2015,47,35,37,24,5,8
12/07/2015,37,18,30,17,3,8
11/07/2015,54,28,23,18,4,7
10/07/2015,48,37,23,22,7,10
09/07/2015,47,39,28,22,4,8
08/07/2015,54,31,28,20,2,7
07/07/2015,61,26,30,20,1,5
06/07/2015,37,27,34,25,3,6
05/07/2015,37,28,35,19,2,6
04/07/2015,41,41,30,20,2,6
03/07/2015,31,36,37,18,2,5
02/07/2015,39,31,24,16,1,5
01/07/2015,40,40,30,17,6,6
30/06/2015,31, ,33,19,3,6
29/06/2015,23, ,28,12,2,5
28/06/2015,24, ,34,10,2,4
27/06/2015,28, ,40,12,1,4
26/06/2015,20, ,30,15,2,5
25/06/2015,21, ,32,13,1,4
24/06/2015,28, ,30,13,1,4
23/06/2015,20, ,27,23,4,4
22/06/2015,26, ,24,46,3,3
21/06/2015,42, , , ,3,2
20/06/2015,41, , ,22,2,3
19/06/2015,25, ,35,17,2,3
18/06/2015,30, ,25,15,4,6
17/06/2015,36, ,27,19,4,8
16/06/2015,39, ,27,18,4,9
15/06/2015,42, ,30,17,4,7
14/06/2015,42, ,35,16,4,7
13/06/2015,38, ,27,20,3,8
12/06/2015,50, ,26,19,4,8
11/06/2015,62, ,26,20,5,9
10/06/2015,63, ,27,23,3,9
09/06/2015,49, ,27,28,5,8
08/06/2015,41, ,26,21,3,6
07/06/2015,43, ,37,15,2,5
06/06/2015,48, ,36,23,3,7
05/06/2015,29, ,31,28,5,10
04/06/2015,37, ,30,19,2,5
03/06/2015,30, ,31,19,4,7
02/06/2015,32, ,31,19,4,6
01/06/2015,49, ,24,19,5,7
31/05/2015,61, ,25,21,5,9
30/05/2015,70, ,34,29,7,9
29/05/2015,59, ,24,29,4,8
28/05/2015,56, ,19,28,5,8
27/05/2015,61, ,31,25,5,7
26/05/2015,76, ,29,29,8,11
25/05/2015,45, ,17,32,5,12
24/05/2015,57, ,37,20,4,9
23/05/2015,78, ,28,25,6,12
22/05/2015,55, ,31,28,10,13
21/05/2015,58, ,24,24,6,8
20/05/2015,45, ,29,24,5,9
19/05/2015,46, ,31,17,3,5
18/05/2015,68, ,20,20,6,8
17/05/2015,67, ,29,27,8,11
16/05/2015,64, ,27,29,4,11
15/05/2015,45, ,26,31,4,12
14/05/2015,40, ,20,24,3,8
13/05/2015,39, ,26,23,4,6
12/05/2015,31, ,23,22,8,7
11/05/2015,25, ,28,18,2,5
10/05/2015,30, ,22,13,1,5
09/05/2015,41, ,25,17,1,6
08/05/2015,35, ,30,21,2,7
07/05/2015,50, ,28,20,2,5
06/05/2015,61, ,33,25,4,8
05/05/2015,75, ,30,35,7,12
04/05/2015, , ,35,37,7,13
01/05/2015,59, , , , , 
30/04/2015,42, ,42,31,11,9
29/04/2015,48, ,30,24,4,7
28/04/2015,35, ,27,23,6,8
27/04/2015,32, ,23,17,2,5
26/04/2015,48, ,29,16,3,7
25/04/2015,50, ,29,21,3,7
24/04/2015,52, ,24,22,6,8
23/04/2015,54, ,32,25,6,12
22/04/2015,61, ,31,26,6,11
21/04/2015,81, ,28,33,5,13
20/04/2015,66, ,33,40,8,14
19/04/2015,63, ,31,34,6,12
18/04/2015,92, ,45,36,9,10
17/04/2015,60, ,22,50,10,15
16/04/2015,67, ,32,36,7,11
15/04/2015,59, ,35,32,8,11
14/04/2015,55, ,25,26,4,10
13/04/2015,32, ,39,22,5,8
12/04/2015,39, ,36,15,3,6
11/04/2015,43, ,41,23,4,8
10/04/2015,57, ,41,23,4,8
09/04/2015,52, ,36,24,5,9
08/04/2015,38, ,38,26,3,7
07/04/2015,61, ,27,22,4,9
06/04/2015,46, ,34,27,7,13
05/04/2015,55, ,27,19,2,8
04/04/2015,50, ,33,22,5,9
03/04/2015,57, ,35,24,5,9
02/04/2015,71, ,33,28,5,9
01/04/2015, , ,33,32,7,11
31/03/2015, , , , ,9,9
30/03/2015, , , , ,9,11
29/03/2015, , , , ,4,8
28/03/2015, , , , ,4,10
27/03/2015, , , , ,4,9
26/03/2015, , , , ,10,10
25/03/2015, , , , ,3,8
24/03/2015, , , , ,9,9
23/03/2015,56, , , ,5,9
22/03/2015,42, , ,27,6,6
21/03/2015,46, ,26,22,4,7
20/03/2015,62, ,12,31,3,9
19/03/2015,48, ,17,31,7,9
18/03/2015,47, ,13,30,4,8
17/03/2015,53, ,10,28,3,9
16/03/2015,42, ,28,24,4,7
15/03/2015,52, ,33,18,3,5
14/03/2015,56, ,28,23,4,7
13/03/2015,60, ,23,28,4,8
12/03/2015,30, ,29,26,7,8
11/03/2015,36, ,28,16,2,4
10/03/2015,35, ,27,17,3,6
09/03/2015,33, ,27,15,3,6
08/03/2015,48, ,30,17,3,5
07/03/2015,68, ,29,27,5,7
06/03/2015,55, ,40,34,6,9
05/03/2015,48, ,41,25,2,6
04/03/2015,66, ,40,23,2,6
03/03/2015,60, ,36,31,4,7
02/03/2015,55, ,28,30,9,6
01/03/2015,65, ,43,21,6,5
28/02/2015,66, ,39,34,6,8
27/02/2015,68, ,41,32,5,7
26/02/2015,71, ,55,28,5,5
25/02/2015,71, ,50,32,7,5
24/02/2015,59, ,44,32,6,7
23/02/2015,50, ,41,32,6,6
22/02/2015,52, ,64,21,4,4
21/02/2015,50, ,38,25,3,5
20/02/2015,46, ,33,24,3,5
19/02/2015,54, ,10,24,1,6
18/02/2015,43, ,41,20,3,4
17/02/2015,48, ,53,16,3,2
16/02/2015,40, ,45,20,3,3
15/02/2015,53, ,37,20,3,3
14/02/2015,44, ,29,22,4,7
13/02/2015,54, ,31,18,4,6
12/02/2015,58, ,36,22,4,5
11/02/2015,43, ,29,25,7,6
10/02/2015,28, ,32,19,2,4
09/02/2015,35, ,13,16,2,4
08/02/2015,56, ,23,19,2,18
07/02/2015,61, ,22,35,4,41
06/02/2015,34, ,33,27,7,11
05/02/2015,42, ,34,17,4,4
04/02/2015,30, ,25,19,4,7
03/02/2015,38, ,20,15,3,5
02/02/2015,45, ,26,18,4,7
01/02/2015,44, ,26,16,5,7
31/01/2015,68, ,30,16,3,6
30/01/2015,68, ,29,26,6,10
29/01/2015,54, ,28,28,7,13
28/01/2015,57, ,32,25,5,9
27/01/2015,69, ,23,21,3,8
26/01/2015,47, ,22,28,4,9
25/01/2015,59, ,39,18,3,5
24/01/2015,52, ,22,29,5,9
23/01/2015,51, ,20,25,4,8
22/01/2015,59, ,19,24,5,8
21/01/2015,62, ,22,26,4,8
20/01/2015,58, ,15,33,6,9
19/01/2015,41, ,18,32,5,8
18/01/2015,48, ,17,25,4,7
17/01/2015,63, ,23,30,5,8
16/01/2015,59, ,27,31,5,9
15/01/2015,60, ,30,27,7,7
14/01/2015,59, ,35,24,7,6
13/01/2015,43, ,32,24,7,8
12/01/2015,24, ,25,21,6,6
11/01/2015,37, ,30,15,2,4
10/01/2015,39, ,26,21,9,5
09/01/2015,31, ,25,20,6,6
08/01/2015,34, ,28,18,4,6
07/01/2015,38, ,28,18,2,6
06/01/2015,46, ,32,19,3,6
05/01/2015,31, ,31,19,7,6
04/01/2015,36, ,28,13,6,4
03/01/2015,37, ,28,13,3,4
02/01/2015,134, ,26,17,6,5
01/01/2015, , ,37,24,14,9
01/12/2014,47, , , , , 
30/11/2014,42, ,33,21,5,8
29/11/2014,54, ,31,22,4,7
28/11/2014,64, ,36,27,7,9
27/11/2014,53, ,31,31,7,9
26/11/2014,79, ,27,26,3,7
25/11/2014,74, ,14,38,7,10
24/11/2014,56, ,30,33,8,11
23/11/2014,53, ,32,24,13,8
22/11/2014,70, ,23,26,10,8
21/11/2014,67, ,15,37,15,10
20/11/2014,59, ,28,32,5,10
19/11/2014,62, ,29,27,4,8
18/11/2014,58, ,37,26,5,7
17/11/2014,60, ,34,25,3,8
16/11/2014,55, ,35,28,3,8
15/11/2014,58, ,36,32,2,10
14/11/2014,51, ,21,28,5,9
13/11/2014,49, ,27,22,3,6
12/11/2014,50, ,17,31,4,7
11/11/2014,56, ,23,38,6,8
10/11/2014,66, ,32,34,4,8
09/11/2014,70, ,47,29,6,6
08/11/2014,78, ,41,34,12,7
07/11/2014,74, ,39,33,7,8
06/11/2014,73, ,44,34,5,8
05/11/2014,62, ,43,37,6,9
04/11/2014,61, ,30,28,6,8
03/11/2014,63, ,39,21,8,6
02/11/2014,60, ,44,25,8,6
01/11/2014, , ,54,32,7,8
