date,pm25,pm10,o3,no2,so2,co
16/07/2025,43,34,54,1,11,11
15/07/2025,45,56,24,2,3,2
14/07/2025,11,18,54,9,3,5
13/07/2025,29,12,34,8,7,8
12/07/2025,53,43,62,29,4,4
11/07/2025,54,37,74,26,2,4
10/07/2025,44,33,56,34,1,3
09/07/2025,67,30,48,21,1,3
08/07/2025,69,42,59,0,3,4
07/07/2025,54,43,63,0,2,4
06/07/2025,47,40,60,12,2,4
05/07/2025,13,21,23,0,0,2
04/07/2025,21,22,15,0,16,0
03/07/2025,23,13,23,0,22,6
02/07/2025,67,11,16,12,19,0
01/07/2025,38,0,0,0,0,0
30/06/2025,44,36,34,20,4,5
29/06/2025,0,65,26,17,3,1
21/06/2025,27,34,56,0,0,0
20/06/2025,29,51,25,0,4,4
19/06/2025,37,20,30,0,3,1
18/06/2025,45,37,36,0,4,5
17/06/2025,35,23,16,0,4,6
16/06/2025,38,12,31,0,4,3
15/06/2025,37,23,27,0,4,2
14/06/2025,45,19,26,0,3,2
13/06/2025,38,23,22,0,3,3
12/06/2025,52,19,25,0,3,3
11/06/2025,51,26,37,0,3,4
10/06/2025,43,20,24,0,3,4
09/06/2025,38,28,28,0,3,3
08/06/2025,34,26,26,0,3,2
07/06/2025,42,29,29,0,3,4
06/06/2025,48,28,19,0,4,5
05/06/2025,47,23,26,0,3,3
04/06/2025,47,24,22,0,4,5
03/06/2025,38,34,24,0,3,6
02/06/2025,35,31,30,0,3,6
01/06/2025,32,25,26,0,3,4
31/05/2025,47,26,24,0,2,4
30/05/2025,43,33,27,0,3,6
29/05/2025,51,30,23,0,4,7
28/05/2025,46,33,22,0,4,6
27/05/2025,33,24,30,0,3,4
26/05/2025,37,18,24,0,3,2
25/05/2025,37,18,27,0,3,3
24/05/2025,28,25,27,0,3,4
23/05/2025,48,23,31,0,3,3
22/05/2025,45,28,27,0,3,5
21/05/2025,61,24,25,0,3,5
20/05/2025,60,31,30,0,3,5
19/05/2025,26,28,20,0,4,9
18/05/2025,35,12,22,0,2,3
17/05/2025,31,14,16,0,2,4
16/05/2025,39,20,20,0,2,2
15/05/2025,42,21,20,0,3,2
14/05/2025,41,24,35,0,3,2
13/05/2025,37,21,26,0,3,5
12/05/2025,25,27,27,0,3,7
11/05/2025,32,15,26,0,3,5
10/05/2025,58,24,27,0,3,7
09/05/2025,58,29,35,0,3,10
08/05/2025,44,30,17,0,3,9
07/05/2025,62,25,31,0,3,6
06/05/2025,38,30,27,0,3,9
05/05/2025,35,17,23,0,3,8
04/05/2025,39,17,37,0,2,4
03/05/2025,45,22,29,0,3,7
02/05/2025,45,23,34,0,2,4
01/05/2025,35,22,21,0,2,6
30/04/2025,61,21,29,0,2,5
29/04/2025,44,33,24,0,4,9
28/04/2025,27,27,13,0,3,6
27/04/2025,48,0,34,0,2,4
26/04/2025,59,0,32,0,3,6
25/04/2025,46,19,34,0,3,7
24/04/2025,36,23,28,0,3,5
23/04/2025,42,27,39,0,2,4
22/04/2025,41,27,40,0,2,4
21/04/2025,29,29,37,0,2,4
20/04/2025,40,22,40,0,2,2
19/04/2025,26,29,50,0,3,3
18/04/2025,49,19,35,0,2,3
17/04/2025,47,30,38,0,4,5
16/04/2025,55,36,43,0,4,5
15/04/2025,53,36,40,0,5,6
14/04/2025,51,31,42,0,4,5
13/04/2025,49,12,34,0,3,6
12/04/2025,44,32,27,0,3,6
11/04/2025,34,32,13,0,3,6
10/04/2025,51,17,22,0,2,2
09/04/2025,47,32,25,0,3,5
08/04/2025,45,26,20,0,3,7
07/04/2025,25,24,21,0,3,7
06/04/2025,56,21,14,0,2,3
05/04/2025,53,31,31,0,3,7
04/04/2025,45,27,28,0,3,7
03/04/2025,41,24,36,0,2,5
02/04/2025,54,20,36,0,2,4
01/04/2025,30,28,34,0,3,6
31/03/2025,26,20,17,0,2,4
30/03/2025,47,17,26,0,1,4
29/03/2025,48,19,34,0,2,5
28/03/2025,43,22,25,0,2,5
27/03/2025,44,20,22,0,2,4
26/03/2025,58,39,28,0,2,3
25/03/2025,51,44,36,0,3,4
24/03/2025,33,0,36,0,2,4
23/03/2025,44,0,39,0,2,2
22/03/2025,59,0,25,0,2,3
21/03/2025,52,0,29,0,2,6
20/03/2025,57,0,14,0,1,8
19/03/2025,54,0,41,0,2,6
18/03/2025,36,0,27,0,2,4
17/03/2025,49,0,28,0,2,5
16/03/2025,46,0,41,0,2,1
15/03/2025,51,0,35,0,2,3
14/03/2025,50,0,23,0,2,4
13/03/2025,59,0,20,0,2,4
12/03/2025,51,0,37,0,2,5
11/03/2025,43,0,19,0,2,5
10/03/2025,32,18,29,0,2,4
09/03/2025,44,14,27,0,1,3
08/03/2025,48,21,34,0,1,3
07/03/2025,40,21,29,0,2,5
06/03/2025,35,16,20,0,2,4
05/03/2025,41,18,23,0,2,2
04/03/2025,36,19,32,0,1,1
03/03/2025,24,18,35,0,1,3
02/03/2025,36,14,32,0,1,2
01/03/2025,53,17,30,0,1,1
28/02/2025,45,31,29,0,2,7
27/02/2025,26,27,27,0,2,6
26/02/2025,69,15,15,0,2,4
25/02/2025,47,25,24,0,2,4
24/02/2025,0,30,14,0,2,4
22/02/2025,63,0,0,0,0,0
21/02/2025,36,26,33,0,2,6
20/02/2025,41,28,22,0,2,5
19/02/2025,34,21,28,0,1,4
18/02/2025,37,18,12,0,1,4
17/02/2025,30,7,15,0,0,4
16/02/2025,30,15,22,0,0,2
15/02/2025,0,18,13,0,0,5
14/02/2025,31,0,0,0,0,0
13/02/2025,49,12,24,0,4,2
12/02/2025,34,28,29,0,6,3
11/02/2025,21,34,14,0,5,4
10/02/2025,30,18,19,0,4,2
09/02/2025,44,33,27,0,4,1
08/02/2025,47,26,33,0,4,2
07/02/2025,46,44,28,0,4,3
06/02/2025,43,30,26,0,5,3
05/02/2025,40,35,25,0,5,2
04/02/2025,28,21,27,0,4,2
03/02/2025,0,13,26,0,5,0
31/01/2025,0,39,0,0,0,0
30/01/2025,32,43,21,0,4,2
29/01/2025,54,25,4,0,5,2
28/01/2025,43,51,28,0,7,4
27/01/2025,41,35,31,0,5,4
26/01/2025,58,32,33,0,6,3
25/01/2025,65,33,32,0,6,5
24/01/2025,63,39,42,0,12,5
23/01/2025,47,42,60,0,7,6
22/01/2025,66,25,46,0,5,2
21/01/2025,45,31,51,0,8,4
20/01/2025,28,22,36,0,5,3
19/01/2025,42,18,48,0,5,1
18/01/2025,35,22,40,0,5,3
17/01/2025,29,19,28,0,5,3
16/01/2025,38,19,26,0,4,1
15/01/2025,38,20,37,0,5,2
14/01/2025,52,21,35,0,5,2
13/01/2025,57,26,36,0,5,4
12/01/2025,63,27,49,0,7,3
11/01/2025,42,29,44,0,6,3
10/01/2025,44,25,31,0,5,3
09/01/2025,41,24,28,0,6,4
08/01/2025,45,25,34,0,5,4
07/01/2025,49,30,37,0,6,4
06/01/2025,26,23,39,0,6,5
05/01/2025,27,17,26,0,4,2
04/01/2025,26,16,24,0,4,1
03/01/2025,29,18,20,0,4,2
02/01/2025,46,18,24,0,4,1
01/01/2025,0,29,26,0,5,1
30/12/2024,31,0,0,0, , 
29/12/2024,26,11,28, ,3,1
28/12/2024,44,16,22, ,3,1
27/12/2024,33,18,31, ,4,3
26/12/2024,47,17,32, ,4,1
25/12/2024,47,31,38, ,4,1
24/12/2024,41,24,25, ,4,4
23/12/2024,32,23,30, ,4,3
22/12/2024,31,25,37, ,3,1
21/12/2024,46,32,38, ,5,2
20/12/2024,51,28,33, ,4,2
19/12/2024,50,29,34, ,5,4
18/12/2024,56,34,35, ,5,5
17/12/2024,51,31,36, ,5,3
16/12/2024,29,19,38, ,5,3
15/12/2024,42,9,34, ,3,1
14/12/2024,31,20,27, ,4,3
13/12/2024,42,15,22, ,4,3
12/12/2024,34,24,34, ,4,3
11/12/2024,46,16,34, ,3,2
10/12/2024,54,18,37, ,4,4
09/12/2024,28,28,39, ,5,5
08/12/2024,49,22,46, ,3,3
07/12/2024,45,24,40, ,4,5
06/12/2024,38,26,46, ,4,4
05/12/2024,30,26,46, ,3,4
04/12/2024,49,32,32, ,3,4
03/12/2024,52,45,44, ,3,3
02/12/2024,44,58,31, ,3,3
01/12/2024,42, ,59, ,5,5
30/11/2024,66, ,45, ,5,4
29/11/2024,63,32,31, ,6,6
28/11/2024,58,26,36, ,5,4
27/11/2024,62,28,37, ,5,4
26/11/2024,61,29,43, ,5,5
25/11/2024,59,33,40, ,4,5
24/11/2024,70,26,41, ,4,4
23/11/2024,64,41,42, ,5,4
22/11/2024,46,25,35, ,6,4
21/11/2024,61,26,24, ,3,3
20/11/2024,68,41,38, ,5,4
19/11/2024,62,26,35, ,4,3
18/11/2024,39,14,30, ,3,3
17/11/2024,78,27,34, ,3,2
16/11/2024,96,44,39, ,5,3
15/11/2024,96,58,49, ,5,6
14/11/2024,97,49,43, ,6,5
13/11/2024,108,45,42, ,6,4
12/11/2024,89,60,55, ,6,5
11/11/2024,64,53,21, ,4,8
10/11/2024,70,42,18, ,5,8
09/11/2024,76,42,53, ,5,6
08/11/2024,80,49,47, ,6,6
07/11/2024,61,48,48, ,5,8
06/11/2024,44,44,59, ,4,6
05/11/2024,45,36,47, ,4,6
04/11/2024,43,26,31, ,4,5
03/11/2024,41,29,27, ,5,4
02/11/2024,45,24,38, ,3,3
01/11/2024,57,27,38, ,3,4
31/10/2024,62,25,40, ,4,6
30/10/2024,64,42,37, ,4,7
29/10/2024,54,43,40, ,8,7
28/10/2024,65,30,32, ,4,5
27/10/2024,56,38,42, ,4,4
26/10/2024,64,38,58, ,5,3
25/10/2024,74,46,53, ,4,4
24/10/2024,58,45,47, ,6,5
23/10/2024,70,38,27, ,3,3
22/10/2024,69,45,62, ,4,4
21/10/2024,64,41,62, ,3,4
20/10/2024,73,39,59, ,3,3
19/10/2024,70,50,56, ,6,5
18/10/2024,65,77,73, ,6,4
17/10/2024,68,45,84, ,6,3
16/10/2024,43,49,69, ,5,4
15/10/2024,32,36,79, ,3,4
14/10/2024,29, ,51, ,3,2
13/10/2024,39, ,47, ,3,1
12/10/2024,49, ,54, ,5,1
11/10/2024,48, ,39, ,5,3
10/10/2024,56,15,32, ,4,4
09/10/2024,45,24,54, ,6,3
08/10/2024,51,20,44, ,3,3
07/10/2024,19,23,61, ,4,2
06/10/2024,51,6,23, ,2,1
05/10/2024,66,29,61, ,4,2
04/10/2024,59,31,52, ,6,3
03/10/2024,63,31,56, ,5,4
02/10/2024,60,35,47, ,4,4
01/10/2024,58,38,48, ,4,2
30/09/2024,61,27,56, ,4,2
29/09/2024,64,28,60, ,3,2
28/09/2024,78,30,43, ,4,3
27/09/2024,79,49,59, ,6,4
26/09/2024,88,57,61, ,4,3
25/09/2024,70,50,61, ,5,5
24/09/2024,54,54,79, ,5,6
23/09/2024,67,44,26, ,4,6
22/09/2024,86,40,50, ,4,5
21/09/2024,76,51,56, ,4,8
20/09/2024,54,51,75, ,3,8
19/09/2024,40,46,50, ,3,6
18/09/2024,35,44,81, ,2,2
17/09/2024,51,45,74, ,2,2
16/09/2024,52,42,37, ,3,4
15/09/2024,58,48,52, ,3,4
14/09/2024,72,53,75, ,6,5
13/09/2024,57,55,73, ,5,5
12/09/2024,70,51,64, ,3,5
11/09/2024,41,56,60, ,6,5
10/09/2024,45,45,78, ,2,4
09/09/2024,46,39,62, ,3,4
08/09/2024,90,45,56, ,3,5
07/09/2024,59,45,60, ,9,5
06/09/2024,58,57,59, ,3,4
05/09/2024,115,60,59, ,3,4
04/09/2024,68,58,61, ,6,8
03/09/2024,66,50,59, ,6,4
02/09/2024,77,46,95, ,3,4
01/09/2024,76,46,101, ,5,3
31/08/2024,55,50,103, ,6,3
30/08/2024,54,53,84, ,2,2
29/08/2024,39,42,68, ,4,1
28/08/2024,49,43,78, ,1,2
27/08/2024,53,43,62, ,4,4
26/08/2024,54,37,74, ,2,4
25/08/2024,44,33,56, ,1,3
24/08/2024,67,30,48, ,1,3
23/08/2024,69,42,59, ,3,4
22/08/2024,54,43,63, ,2,4
21/08/2024,47,40,60, ,2,4
20/08/2024,36,42,63, ,2,3
19/08/2024,29,31,72, , ,2
18/08/2024,31,36,83, , ,1
17/08/2024,35,32,61, , ,2
16/08/2024,48,36,61, ,1,2
15/08/2024,54,36,53, ,5,4
14/08/2024,33,44,57, ,3,3
13/08/2024,49,33,61, , ,2
12/08/2024,61,32,43, ,2,3
11/08/2024,55,27,45, ,3,2
10/08/2024,76,28,43, ,3,5
09/08/2024,62,44,44, ,5,6
08/08/2024,54,39,57, ,3,4
07/08/2024,50,36,55, ,1,2
06/08/2024,47,30,45, ,2,1
05/08/2024,52,38,49, ,1,2
04/08/2024,70,40,55, ,1,3
03/08/2024,58,49,70, ,3,4
02/08/2024,35,45,57, ,2,3
01/08/2024,31,34,53, , ,1
31/07/2024,32,39,58, , ,1
30/07/2024,31,43,47, ,1,1
29/07/2024,26,35,43, ,2,2
28/07/2024,43,30,51, ,2,2
27/07/2024,55,44,39, ,4,5
26/07/2024,49,41,37, ,6,6
25/07/2024,47,39,48, ,3,5
24/07/2024,35,46,49, ,3,4
23/07/2024,27,41,39, ,3,3
22/07/2024,31,35,36, ,1,2
21/07/2024,35,33,41, ,2,3
20/07/2024,49,28,28, ,3,5
19/07/2024,45,42,35, ,3,4
18/07/2024,36,33,38, ,3,5
17/07/2024,37,34,58, ,2,3
16/07/2024,28,42,68, ,3,3
15/07/2024,22,35,50, ,2,2
14/07/2024,26,19,45, ,1,1
13/07/2024,45,24,43, ,2,2
12/07/2024,54,41,47, ,4,2
11/07/2024,38,33,51, ,4,4
10/07/2024,49,36,44, ,4,3
09/07/2024,35,37,43, ,3,4
08/07/2024,31,28,51, ,2,2
07/07/2024,43,19,40, ,2,2
06/07/2024,42,29,34, ,2,4
05/07/2024,40,23,32, ,2,3
04/07/2024,47,26,34, ,2,1
03/07/2024,44,25,37, ,3,2
02/07/2024,50,30,33, ,2,4
01/07/2024,46,34,45, ,1,3
30/06/2024,48,27,37, ,2,1
29/06/2024,47,32,43, ,3,2
28/06/2024,46,29,40, ,1,1
27/06/2024,51,27,43, ,1,1
26/06/2024,40,30,42, ,2,1
25/06/2024,45,32,39, ,2,2
24/06/2024,50,36,52, ,1,2
23/06/2024,52,31,55, ,1,1
22/06/2024,45,34,45, ,2,3
21/06/2024,66,20,30, ,1,4
20/06/2024,55,34,35, ,3,4
19/06/2024,58,30,39, ,3,4
18/06/2024,39,32,61, ,4,4
17/06/2024,36,29,39, ,3,3
16/06/2024,39,18,35, ,1,3
15/06/2024,40,19,28, ,1,2
14/06/2024,43,23,27, ,2,1
13/06/2024,56,24,27, ,2,2
12/06/2024,45,38,35, ,2,4
11/06/2024,41,32,35, ,1,1
10/06/2024,44,25,33, ,1,1
09/06/2024,47,31,37, ,1,1
08/06/2024,52,32,32, ,1,3
07/06/2024,37,33,29, ,2,3
06/06/2024,37,17,27, ,1,2
05/06/2024,30,19,24, ,1,2
04/06/2024,45,27,21, ,2,1
03/06/2024,34,29,29, ,3,3
02/06/2024,33,31,46, ,3,2
01/06/2024,36,29,35, ,2,2
31/05/2024,46,27,27, ,2,3
30/05/2024,45,25,37, ,2,3
29/05/2024,41,20,18, ,2,2
28/05/2024,50,24,26, ,2,2
27/05/2024,42,31,35, ,3,3
26/05/2024,45,28,39, ,2,2
25/05/2024,38,26,33, ,3,3
24/05/2024,35,24,36, ,2,2
23/05/2024,53,21,26, ,1,1
22/05/2024,44,31,32, ,2,3
21/05/2024,37,28,32, ,3,3
20/05/2024,34,26,29, ,4,2
19/05/2024,44,23,29, ,3,2
18/05/2024,47,25,32, ,3,2
17/05/2024,43,27,31, ,4,3
16/05/2024,54,19,30, ,2,2
15/05/2024,56,26,32, ,5,3
14/05/2024,68,25,27, ,6,2
13/05/2024,53,39,33, ,6,5
12/05/2024,67,37,49, ,6,5
11/05/2024,49,35,28, ,7,10
10/05/2024,80,30,219, ,6,3
09/05/2024,59,36,21, ,9,8
08/05/2024,49,27,10, ,5,8
07/05/2024,51,21,26, ,4,3
06/05/2024,46,27,30, ,6,5
05/05/2024,35,76,10, ,6,8
04/05/2024,32,20,28, ,3, 
03/05/2024,54,16,26, ,3, 
02/05/2024,56,29,33, ,5,2
01/05/2024,45,32,35, ,5,3
30/04/2024,37,27,27, ,5,7
29/04/2024,28,22,17, ,3,8
28/04/2024,43,17,38, ,3,5
27/04/2024,55,22,23, ,3,7
26/04/2024,50,35,17, ,5,12
25/04/2024,36,30,10, ,4,9
24/04/2024,29,31,8, ,5,8
23/04/2024,27,39,29, ,6,10
22/04/2024,30,41,11, ,4,6
21/04/2024,54, ,30, ,3,4
20/04/2024, , ,26, ,6,9
19/04/2024,74,21,1, ,10,39
18/04/2024,19,39,16, ,7,8
17/04/2024, ,50,22, ,4,6
16/04/2024,39,42, , , , 
15/04/2024,69,32,24, ,3, 
14/04/2024,77,40,57, ,5,2
13/04/2024,79,43,64, ,5,4
12/04/2024,68,44,57, ,7,6
11/04/2024,74,43,52, ,6,5
10/04/2024,65,46,45, ,6,4
09/04/2024,58,33,40, ,4,3
08/04/2024,41,49,41, ,5,4
07/04/2024,60, ,40, ,6,1
06/04/2024,52, ,39, ,5,5
05/04/2024,56, ,36, ,4,6
04/04/2024,50, ,31, ,3,4
03/04/2024,33, ,26, ,4,4
02/04/2024,40,12,12, ,3,3
01/04/2024,41,16,34, ,3,4
31/03/2024,49,18,44, ,3,1
30/03/2024,54,27,45, ,6,2
29/03/2024,57,22,35, ,4,4
28/03/2024,41,33,39, ,4,5
27/03/2024,50,24,15, ,3,6
26/03/2024,34,23,25, ,4,5
25/03/2024, ,25,27, ,2,4
24/03/2024,80,36, , , , 
23/03/2024,57,35,39, ,6,8
22/03/2024,54,30,31, ,3,3
21/03/2024,55,27,46, ,3,3
20/03/2024,88,37,33, ,4,1
19/03/2024,65,44,31, ,6,11
18/03/2024,56,46,42, ,6,5
17/03/2024,45,43,44, ,6,3
16/03/2024,55,36,42, ,4,3
15/03/2024,51,31,34, ,3,3
14/03/2024,51,33,36, ,4,4
13/03/2024,56,36,45, ,3,2
12/03/2024,48,37,41, ,4,3
11/03/2024,40,36,41, ,4,3
10/03/2024,50,27,43, ,3,2
09/03/2024,63,31,40, ,4,4
08/03/2024,65,33,48, ,4,5
07/03/2024,53,32,61, ,4,3
06/03/2024,50,33,53, ,3,2
05/03/2024,49,20,51, ,3,3
04/03/2024,33,20,42, ,2,2
03/03/2024,30,11,38, ,2,1
02/03/2024,40,12,35, ,2,2
01/03/2024,51,23,47, ,2,1
29/02/2024,72,21,57, ,3,2
28/02/2024,53,37,59, ,5,5
27/02/2024,40,30,52, ,4,7
26/02/2024,41,15,38, ,2,2
25/02/2024,36,20,40, ,3,1
24/02/2024,43,19,33, ,3,1
23/02/2024,58,19,31, ,3,2
22/02/2024,46,25,33, ,3,4
21/02/2024,35,17,21, ,3,4
20/02/2024,50,12,15, ,2,3
19/02/2024,45,30,33, ,3,3
18/02/2024,40,30,43, ,2,1
17/02/2024,52,25,33, ,3,3
16/02/2024,34,43,37, ,4,4
15/02/2024,48,32,37, ,2,2
14/02/2024,42,29,40, ,3,4
13/02/2024,32,20,46, ,2,2
12/02/2024,40,14,37, ,2,1
11/02/2024,44,18,41, ,2,2
10/02/2024,50,24,38, ,3,2
09/02/2024,87,27,37, ,3,3
08/02/2024,61,31,43, ,5,6
07/02/2024,48,30,18, ,4,6
06/02/2024,40,26,46, ,3,4
05/02/2024,28,13,26, ,2,4
04/02/2024,37,13,51, ,2,1
03/02/2024,41,26,46, ,2,2
02/02/2024,56,27,34, ,2,1
01/02/2024,63,37,48, ,2,2
31/01/2024,65,40,59, ,2,2
30/01/2024,70,43,58, ,4,3
29/01/2024,66,43,58, ,3,3
28/01/2024,61,44,55, ,3,2
27/01/2024,64,135,52, ,2,3
26/01/2024,57,46,60, ,4,4
25/01/2024,47,45,58, ,4,4
24/01/2024,44,42,63, ,4,3
23/01/2024, ,40,42, ,2,1
22/01/2024,36,37, , , , 
21/01/2024,44,34,36, ,2,1
20/01/2024,37,32,38, ,3,3
19/01/2024,40,31,42, ,2,2
18/01/2024,36,34,40, ,2,3
17/01/2024,40,20,36, ,2,2
16/01/2024,54,26,34, ,3,2
15/01/2024,66,32,46, ,4,4
14/01/2024,38,36,49, ,4,3
13/01/2024,34,17,44, ,4,3
12/01/2024,45,17,37, ,1,1
11/01/2024,40,24,41, ,2,1
10/01/2024,57,22,40, ,2,1
09/01/2024,57,29,38, ,2,4
08/01/2024,44,35,38, ,3,6
07/01/2024,57,28,42, ,2,5
06/01/2024,42,27,55, ,3,5
05/01/2024,33,17,41, ,3,4
04/01/2024,40,14,28, ,2,3
03/01/2024,54,16,21, ,2,3
02/01/2024,78,28,29, ,2,5
01/01/2024,41,34,47, ,3,3
31/12/2023,27,20,31, ,2,3
30/12/2023,35,12,32, ,1,1
29/12/2023,26,14,33, ,2,2
28/12/2023,24,11,29, ,1,2
27/12/2023,27,13,20, ,1,2
26/12/2023,41,17,31, ,2,2
25/12/2023,48,19,36, ,2, 
24/12/2023,39,26,46, ,3,1
23/12/2023,53,15,36, ,2,3
22/12/2023,52,37,52, ,3,5
21/12/2023,38,26,39, ,4,5
20/12/2023,32,18,38, ,3,3
19/12/2023,42,13,27, ,2,4
18/12/2023,32,19,28, ,2,5
17/12/2023,34,11,27, ,2,3
16/12/2023,26,12,23, ,1,3
15/12/2023,54,14,21, ,2,4
14/12/2023,34,39,44, ,2,3
13/12/2023,43,34,42, ,3,3
12/12/2023,43,40,37, ,3,3
11/12/2023,34,41,47, ,3,3
10/12/2023,27,35,46, ,2,2
09/12/2023,35,33,45, ,2,2
08/12/2023,49,34,43, ,3,2
07/12/2023,70,26,39, ,2,3
06/12/2023,57,29,41, ,2,3
05/12/2023,50,33,43, ,2,3
04/12/2023,48,36,49, ,4,2
03/12/2023,49,37,60, ,3,1
02/12/2023,53,41,55, ,4,3
01/12/2023,44,37,47, ,3,4
30/11/2023,47,30,46, ,3,5
29/11/2023,41,25,44, ,2,2
28/11/2023,39,26,36, ,2,4
27/11/2023,43,28,41, ,3,3
26/11/2023,45,22,51, ,3, 
25/11/2023,48,21,46, ,2,1
24/11/2023,33,25,22, ,4,3
23/11/2023,29,15,42, ,1,3
22/11/2023,27,9,41, ,1,3
21/11/2023,36,17,29, ,2,3
20/11/2023,44,22,30, ,2,3
19/11/2023,51,30,41, ,3,2
18/11/2023,62,30,48, ,4,3
17/11/2023,38,41,56, ,3,3
16/11/2023,34,30,54, ,4,3
15/11/2023,46,18,53, ,3,2
14/11/2023,43,38,56, ,5,3
13/11/2023,48,30,42, ,4,3
12/11/2023,54,34,54, ,4,2
11/11/2023,39,31,55, ,7,2
10/11/2023,45,36,52, ,6,3
09/11/2023,47,32,52, ,4,3
08/11/2023,46,33,55, ,5,4
07/11/2023,54,31,50, ,8,3
06/11/2023,48,38,38, ,6,4
05/11/2023,40,27,53, ,5,4
04/11/2023,45,24,48, ,4,3
03/11/2023,42,24,43, ,3,3
02/11/2023,57,24,40, ,3,3
01/11/2023,31,22,33, ,4,4
31/10/2023,41,18,43, ,3,2
30/10/2023,36,19,48, ,4,7
29/10/2023,20,14,44, ,3,7
28/10/2023,33,8,30, ,3,5
27/10/2023,31,13,28, ,2,4
26/10/2023,48,12,38, ,3,4
25/10/2023,40,19,54, ,3,4
24/10/2023,53,20,51, ,4,4
23/10/2023,50,32,51, ,5,6
22/10/2023,57,25,66, ,5,4
21/10/2023,47,29,61, ,5,4
20/10/2023,45,28,53, ,4,4
19/10/2023,55,34,67, ,5,5
18/10/2023,52,31,60, ,6,5
17/10/2023,47,31,66, ,4,4
16/10/2023,49,25,60, ,5,2
15/10/2023,42,25,65, ,6,4
14/10/2023,57,4,44, ,4,4
13/10/2023,65,40,59, ,6,5
12/10/2023,55,43,60, ,5,7
11/10/2023,62,35,66, ,5,6
10/10/2023,53,41,51, ,5,6
09/10/2023,53,35, , ,3,3
08/10/2023, ,35, , ,3,2
06/10/2023,52, , , , , 
05/10/2023,66,30,2, ,3,5
04/10/2023,51,45,32, ,3,2
03/10/2023,53,34,28, ,2,2
02/10/2023,43,44,27, ,3,3
01/10/2023,62, ,26, ,2,2
30/09/2023,56, ,21, ,2,6
29/09/2023,64,2,31, ,3,5
28/09/2023,61,42,32, ,3,4
27/09/2023,57,47,28, ,3,5
26/09/2023,50,41,32, ,3,5
25/09/2023,45,40,40, ,3,5
24/09/2023,68,40,42, ,2,3
23/09/2023,77,50,43, ,3,4
22/09/2023,53,56,45, ,3,4
21/09/2023,38,53,47, ,3,3
20/09/2023,42,43,46, ,2,3
19/09/2023,53,47,45, ,2,3
18/09/2023,5,41,41, ,2,3
17/09/2023,30,44,61, ,2,2
16/09/2023,34,36,46, ,2,3
15/09/2023,50,30,35, ,2,2
14/09/2023,56,44,44, ,3,2
13/09/2023,57,45,62, ,4,3
12/09/2023,44,42,58, ,5,3
11/09/2023,54,37,84, ,4,3
10/09/2023,62,41,60, ,5,4
09/09/2023,62,49,58, ,6,5
08/09/2023,48,48,89, ,5,5
07/09/2023,36,40,93, ,3,3
06/09/2023,33,47,103, ,3,2
05/09/2023,46,29,70, ,3,2
04/09/2023,60,30,71, ,5,2
03/09/2023,50,33,69, ,7,2
02/09/2023,48,44,82, ,5,3
01/09/2023,43,40,70, ,4,3
31/08/2023,47,40,72, ,5,2
30/08/2023,51,40,81, ,3,2
29/08/2023,42,38,72, ,4,3
28/08/2023,40,34,53, ,3,3
27/08/2023,42,31,85, ,2,4
26/08/2023,36,39,81, ,3,5
25/08/2023,42,30,55, ,3,5
24/08/2023,44,27,59, ,3,5
23/08/2023,46,29,77, ,3,6
22/08/2023,39,19,28, ,2,3
21/08/2023,29,20,40, ,2,2
20/08/2023,69,14,49, ,2,2
19/08/2023,57,42,64, ,3,4
18/08/2023,56,47,67, ,3,4
17/08/2023,58,37,32, ,3,3
16/08/2023,40,31,44, ,3,3
15/08/2023,55,24,17, ,2,2
14/08/2023,43,33,20, ,3,5
13/08/2023,47,33,44, ,3,2
12/08/2023,55,39,47, ,3,3
11/08/2023,47,45,42, ,3,3
10/08/2023,30,41,55, ,3,3
09/08/2023,23,32,40, ,3,2
08/08/2023,31,27,32, ,3,2
07/08/2023,33,40,35, ,3,2
06/08/2023,32,40,41, ,2,1
05/08/2023,36,39,37, ,3,3
04/08/2023,39,37,54, ,3,2
03/08/2023,31,38,48, ,4,3
02/08/2023,22,36,46, ,3,3
01/08/2023,30,34,35, ,2,1
31/07/2023,27,31,34, ,3,1
30/07/2023,26,33,36, ,3,1
29/07/2023,35,31,31, ,3,2
28/07/2023,59,28,33, ,3,3
27/07/2023,51,35,45, ,3,2
26/07/2023,37,37,38, ,3,2
25/07/2023,30,36,37, ,3,2
24/07/2023,29,31,36, ,2,2
23/07/2023,23,26,41, ,2,2
22/07/2023,30,28,40, ,1,2
21/07/2023,28,30,33, ,2,2
20/07/2023,25,32,37, ,1,2
19/07/2023,31,34,40, ,1,1
18/07/2023,39,34,45, ,2,3
17/07/2023,30,26,28, ,3,4
16/07/2023,39,26,37, ,2,3
15/07/2023,40,22,34, ,3,5
14/07/2023,35,29,31, ,3,3
13/07/2023,37,29,44, ,3,3
12/07/2023,40,28,24, ,3,4
11/07/2023,34,25,35, ,3,4
10/07/2023,29,21,37, ,3,4
09/07/2023,36,14,33, ,2,2
08/07/2023,36,18,33, ,2,3
07/07/2023,34,17,28, ,2,2
06/07/2023,44,19,27, ,2,2
05/07/2023,40,30,37, ,2,3
04/07/2023,48,31,38, ,3,1
03/07/2023,47,31,30, ,2,2
02/07/2023,37,36,45, ,2,3
01/07/2023,24,36,38, ,2,2
30/06/2023,21,41,26, ,2,1
29/06/2023,52,37,28, ,2,1
28/06/2023,50,43,38, ,3,5
27/06/2023,51,38,37, ,3,4
26/06/2023,44,33,20, ,2,4
25/06/2023,50,28,29, ,2,1
24/06/2023,52,33,35, ,2,2
23/06/2023,43,41,33, ,3,3
22/06/2023,28,36,33, ,2,3
21/06/2023,25,35,26, ,1,1
20/06/2023,33,39,35, ,1,1
19/06/2023,21,44,36, ,4,2
18/06/2023,33,26,38, ,1, 
17/06/2023,42,36,30, ,2,3
16/06/2023,42,32,22, ,2,2
15/06/2023,43,35,24, ,3,5
14/06/2023,40,39,29, ,3,4
13/06/2023,49,38,38, ,3,4
12/06/2023,44,37,33, ,3,3
11/06/2023,53,39,33, ,2,4
10/06/2023,44,32,31, ,2,5
09/06/2023,50,27,27, ,2,3
08/06/2023,47,26,27, ,2,3
07/06/2023,50,25,28, ,2,3
06/06/2023,43,31,28, ,2,4
05/06/2023,40,30,24, ,2,5
04/06/2023,47,27,33, ,2,3
03/06/2023,41,29,29, ,2,4
02/06/2023,43,28,27, ,2,2
01/06/2023,47,26,26, ,2,3
31/05/2023,41,27,29, ,1,3
30/05/2023,44,23,29, ,1,2
29/05/2023,41,22,32, ,1,3
28/05/2023,50,19,35, ,1,4
27/05/2023,51,27,32, ,1,4
26/05/2023,33,23,34, ,1,4
25/05/2023,56,15,33, ,1,2
24/05/2023,49,26,39, ,3,5
23/05/2023,41,15,22, ,1,3
22/05/2023,32,25,25, ,2,2
21/05/2023,51,12,31, ,2,2
20/05/2023,49,22,27, ,3,4
19/05/2023,52,31,29, ,4,5
18/05/2023,45,33,33, ,5,6
17/05/2023,39,29,33, ,3,4
16/05/2023,37,18,29, ,3,4
15/05/2023,27,22,26, ,3,4
14/05/2023,47,13,20, ,3,3
13/05/2023,57,26,28, ,3,5
12/05/2023,33,31,33, ,4,6
11/05/2023,39,19,2, ,3,4
10/05/2023,45,26,27, ,3,4
09/05/2023,43,31,25, ,4,5
08/05/2023,40,35,37, ,4,5
07/05/2023,49,33,37, ,4,4
06/05/2023,41,33,31, ,5,7
05/05/2023,44,34,22, ,4,6
04/05/2023,41,30,28, ,3,1
03/05/2023,44,24,32, ,3,3
02/05/2023,38,35,26, ,4,4
01/05/2023,33,14,24, ,2,2
30/04/2023,34,16,28, ,2,1
29/04/2023,49,17,31, ,3,2
28/04/2023,49,22,28, ,3,4
27/04/2023,49,26,23, ,4,5
26/04/2023,44,23,20, ,4,6
25/04/2023,39,20,35, ,3,2
24/04/2023,36,20,31, ,3,3
23/04/2023,41,11,18, ,2,3
22/04/2023,44,15,28, ,3,3
21/04/2023,45,17,28, ,3,3
20/04/2023,49,21,33, ,3,4
19/04/2023,50,21,31, ,3,4
18/04/2023,45,23,30, ,3,3
17/04/2023,27,11,22, ,2,3
16/04/2023,43,15,28, ,2,1
15/04/2023,54,23,34, ,3,2
14/04/2023,45,27,40, ,3,3
13/04/2023,47,24,30, ,3,3
12/04/2023,53,25,30, ,2,2
11/04/2023,40,25,33, ,3,3
10/04/2023,37,26,32, ,3,3
09/04/2023,47,21,44, ,2,2
08/04/2023,22,18,32, ,2,5
07/04/2023,36,8,29, ,1,1
06/04/2023,52,13,39, ,2,3
05/04/2023,43,20,31, ,3,4
04/04/2023,41,23,30, ,3,4
03/04/2023,41,19,32, ,2,3
02/04/2023,57,21,41, ,2,1
01/04/2023,59,26,46, ,4,8
31/03/2023,53,28,19, ,3,7
30/03/2023,50,26,49, ,3,4
29/03/2023,50,19,13, ,3,2
28/03/2023,48,25,61, ,3,6
27/03/2023,37,21,31, ,2,6
26/03/2023,31,18,44, ,2,5
25/03/2023,24,15,31, ,2,5
24/03/2023,41,8,20, ,2,5
23/03/2023,44,15,27, ,2,5
22/03/2023,68,23,33, ,3,7
21/03/2023,57,32,29, ,3,9
20/03/2023,41,25,26, ,3,10
19/03/2023,47,20,24, ,2,6
18/03/2023, ,12,2, ,4,13
17/03/2023,48, , , , , 
16/03/2023,46,21,16, ,2,7
15/03/2023,48,17,22, ,3,9
14/03/2023,44,14,10, ,3,9
13/03/2023,38,15,18, ,2,9
12/03/2023,29,17,19, ,2,8
11/03/2023,40,7,11, ,2,8
10/03/2023,25,16,20, ,3,7
09/03/2023,38,9,15, ,1,6
08/03/2023,27,16,19, ,2,6
07/03/2023, ,9,6, ,2,6
06/05/2022,52, , , , , 
05/05/2022,63,14,7, ,2,6
04/05/2022,61,34,33, ,6,6
03/05/2022,58,39,40, ,5,6
02/05/2022,49,35,35, ,3,5
01/05/2022,36,33,41, ,3,4
30/04/2022,58,32,26, ,2,4
29/04/2022,52,29,28, ,4,8
28/04/2022, ,29,33, ,3,7
14/04/2022,93, , , , , 
13/04/2022,51,22, , ,4,9
12/04/2022,53,30,31, ,3,6
11/04/2022,35,19,20, ,2,5
10/04/2022,46,17,32, ,3,4
09/04/2022,56,24,28, ,2,5
08/04/2022,63,34,31, ,3,6
07/04/2022,61,34,36, ,3,5
06/04/2022,60,31,38, ,2,5
05/04/2022,66,29,33, ,4,9
04/04/2022,49,29,36, ,7,5
03/04/2022,51,28,44, ,3,5
02/04/2022,48,21,39, ,5,6
01/04/2022,66,20,30, ,2,6
31/03/2022,50,28,46, ,4,8
30/03/2022,45,24,34, ,5,9
29/03/2022,60,17,24, ,4,7
28/03/2022,62,32,35, ,5,9
27/03/2022,46,24,23, ,4,8
26/03/2022,61,18,25, ,4,6
25/03/2022,44,28,30, ,5,7
24/03/2022,55,20,29, ,4,6
23/03/2022,67,28,37, ,6,6
22/03/2022,47,33,45, ,7,8
21/03/2022,42,23,30, ,4,6
20/03/2022,47,19,35, ,4,4
19/03/2022,62,19,33, ,4,5
18/03/2022,42,30,38, ,5,6
17/03/2022,42,20,35, ,4,6
16/03/2022,42,22,28, ,3,7
15/03/2022,53,17,42, ,3,6
14/03/2022,39,22,37, ,4,9
13/03/2022,45,24,36, ,3,6
12/03/2022,44,19,15, ,4,10
11/03/2022,59,26,24, ,4,7
10/03/2022,56,32,34, ,5,8
09/03/2022,50,31,29, ,4,8
08/03/2022,39,21,18, ,4,8
07/03/2022,39,14,18, ,3,6
06/03/2022,40,14,27, ,3,5
05/03/2022,46,12,28, ,3,6
04/03/2022,40,21,39, ,8,6
03/03/2022,36,18,33, ,3,6
02/03/2022,34,14,29, ,5,7
01/03/2022,36,13,30, ,3,6
28/02/2022,40,15,36, ,4,7
27/02/2022,48,16,33, ,4,7
26/02/2022,41,18,37, ,3,7
25/02/2022,39,18,36, ,3,7
24/02/2022,71,16,37, ,4,6
23/02/2022,64,31,52, ,5,7
22/02/2022,35,32,45, ,6,6
21/02/2022,27,15,36, ,3,5
20/02/2022,37,11,27, ,2,5
19/02/2022,43,21,31, ,3,5
18/02/2022,59,20,31, ,4,5
17/02/2022,63,32,53, ,5,5
16/02/2022,53,29,67, ,6,6
15/02/2022,45,20,40, ,8,5
14/02/2022,35,21,39, ,3,7
13/02/2022,35,18,38, ,3,6
12/02/2022,33,18,36, ,3,6
11/02/2022, ,19,35, ,3,6
06/01/2022,37, , , , , 
05/01/2022,53,11,19, ,3,4
04/01/2022,65,35,40, ,4,5
03/01/2022,57,37,49, ,9,7
02/01/2022,79,30,37, ,6,6
01/01/2022,66,43,42, ,5,6
31/12/2021,63,40,39, ,8,7
30/12/2021,52,33,41, ,8,7
29/12/2021,56,27,31, ,4,7
28/12/2021,56,28,50, ,3,7
27/12/2021,59,27,46, ,3,6
26/12/2021,53,32,46, ,4,5
25/12/2021,46,27,36, ,3,5
24/12/2021,40,30,36, ,3,5
23/12/2021,36,24,37, ,3,4
22/12/2021,33,20,28, ,2,6
21/12/2021,43,16,23, ,2,7
20/12/2021,32,17,24, ,5,7
19/12/2021,43,16,25, ,3,6
18/12/2021,47,18,21, ,3,7
17/12/2021,40,16,18, ,3,10
16/12/2021,47,51,24, ,2,6
15/12/2021,35,22,30, ,2,6
14/12/2021,31,13,17, ,2,8
13/12/2021,19,11,19, ,2,10
12/12/2021,30,8,20, ,1,9
11/12/2021,38,19,33, ,2,9
10/12/2021,47,22,34, ,2,8
09/12/2021,47,33,27, ,3,7
08/12/2021,57,35,34, ,5,6
07/12/2021,49,45,41, ,8,9
06/12/2021,43,30,39, ,3,8
05/12/2021,53,32,39, ,4,8
04/12/2021,61,32,43, ,4,7
03/12/2021,64,31,38, ,3,8
02/12/2021,63,37,43, ,9,7
01/12/2021,57,28,46, ,3,7
30/11/2021,37,26,31, ,3,10
29/11/2021,68,18,31, ,2,8
28/11/2021,63,34,57, ,6,9
27/11/2021,62,35,51, ,4,10
26/11/2021,54,31,46, ,4,8
25/11/2021,39,22,34, ,2,6
24/11/2021,38,18,33, ,2,5
23/11/2021,52,20,29, ,2,6
22/11/2021,56,28,27, ,2,8
21/11/2021,41,31,44, ,3,10
20/11/2021,31,22,37, ,2,8
19/11/2021,43,15,26, ,2,7
18/11/2021,35,20,37, ,2,4
17/11/2021,44,19,32, ,2,3
16/11/2021,50,22,30, ,2,3
15/11/2021,53,33,36, ,4,5
14/11/2021,54,31,45, ,3,4
13/11/2021,47,33,32, ,3,5
12/11/2021,63,32,26, ,3,5
11/11/2021,42,34,42, ,4,7
10/11/2021,35,22,27, ,3,6
09/11/2021,47,16,27, ,2,4
08/11/2021,56,25,40, ,2,5
07/11/2021,53,33,44, ,2,5
06/11/2021,59,29,46, ,3,6
05/11/2021,59,28,18, ,3,10
04/11/2021,50,31,47, ,4,10
03/11/2021,32,27,47, ,3,8
02/11/2021,34,16,38, ,2,6
01/11/2021,48,16,38, ,2,5
31/10/2021,59,22,41, ,3,6
30/10/2021,62,28,53, ,3,8
29/10/2021,62,36,38, ,4,10
28/10/2021,63,36,84, ,4,8
27/10/2021,55,35,49, ,4,8
26/10/2021,51,26,46, ,4,7
25/10/2021,45,34,77, ,3,7
24/10/2021,44,26,72, ,3,9
23/10/2021,56,21,44, ,2,8
22/10/2021,53,33,45, ,3,9
21/10/2021,59,23,4, ,4,12
20/10/2021,61,31,21, ,3,9
19/10/2021,61,39,17, ,4,7
18/10/2021,48,34,12, ,3,10
17/10/2021,48,19,4, ,3,8
16/10/2021,69,26,6, ,4,7
15/10/2021,67,37,7, ,5,8
14/10/2021,66,36,9, ,3,7
13/10/2021,67,38,35, ,5,5
12/10/2021,66,43,41, ,5,7
11/10/2021,56,38,39, ,5,10
10/10/2021,54,23,25, ,2,9
09/10/2021,69,42,35, ,2,6
08/10/2021,60,43,37, ,4,7
07/10/2021,68,41,31, ,3,6
06/10/2021,61,46,31, ,5,8
05/10/2021,60,37,33, ,3,7
04/10/2021,49,42,40, ,4,8
03/10/2021,61,27,37, ,2,11
02/10/2021,62,39,48, ,3,12
01/10/2021,44,50,38, ,3,14
30/09/2021,47,34,35, ,2,10
29/09/2021,63,57,41, ,2,7
28/09/2021,48,61,44, ,3,5
27/09/2021,33,51,53, ,3,5
26/09/2021,32,48,56, ,1,3
25/09/2021,55,46,56, ,2,4
24/09/2021,53,54,44, ,2,6
23/09/2021,58,50,40, ,2,5
22/09/2021,64,44,40, ,3,6
21/09/2021,50,38,39, ,3,7
20/09/2021,59,42,43, ,2,7
19/09/2021,64,46,49, ,2,9
18/09/2021,41,46,52, ,4,9
17/09/2021,39,37,55, ,2,5
16/09/2021,63,44,50, ,3,6
15/09/2021,56,50,48, ,4,6
14/09/2021,49,59,48, ,7,7
13/09/2021,43,33,42, ,4,6
12/09/2021,57,24,34, ,2,6
11/09/2021,64,33,36, ,4,6
10/09/2021,54,45,38, ,7,5
09/09/2021,70,38,37, ,6,6
08/09/2021,65,44,31, ,5,8
07/09/2021,49,38,41, ,4,8
06/09/2021,41,23,18, ,2,10
05/09/2021,49,33,38, ,2,6
04/09/2021,68,44,41, ,4,6
03/09/2021,51,63,36, ,7,7
02/09/2021,58,37,37, ,4,7
01/09/2021,68,44,38, ,4,9
31/08/2021,62,44,40, ,3,13
30/08/2021,57,38,29, ,4,8
29/08/2021,55,49,36, ,5,7
28/08/2021,66,44,37, ,4,7
27/08/2021,60,41,39, ,4,6
26/08/2021,49,39,36, ,3,6
25/08/2021,58,30,31, ,2,5
24/08/2021,60,39,35, ,3,4
23/08/2021,48,40,37, ,3,5
22/08/2021,64,38,38, ,2,4
21/08/2021,68,46,38, ,2,6
20/08/2021,64,52,43, ,5,4
19/08/2021,57,44,41, ,2,4
18/08/2021,52,44,38, ,2,4
17/08/2021,50,48,35, ,2,4
16/08/2021,46,28,35, ,1,4
15/08/2021,68,39,35, ,2,2
14/08/2021,61,51,37, ,2,4
13/08/2021,56,34,37, ,3,5
12/08/2021,54,49,35, ,3,5
11/08/2021,51,49,38, ,2,6
10/08/2021,66,50,35, ,2,6
09/08/2021,67,48,39, ,3,7
08/08/2021,58,52,49, ,2,6
07/08/2021,64,55,36, ,2,7
06/08/2021,54,56,40, ,4,7
05/08/2021, ,60,48, ,2,4
07/07/2021,62, , , , , 
06/07/2021,45,44,10, ,5,6
05/07/2021,29,53,43, ,4,6
04/07/2021,34,38,35, ,3,4
03/07/2021,61,43,25, ,4,5
02/07/2021,48,48,25, ,5,8
01/07/2021,46,39,29, ,5,7
30/06/2021,48,40,23, ,5,5
29/06/2021,59,48,30, ,5,5
28/06/2021,56,36,22, ,5,7
27/06/2021,62,31,27, ,4,5
26/06/2021,43,32,28, ,4,5
25/06/2021,50,25,26, ,4,4
24/06/2021,58,32,27, ,4,5
23/06/2021,52,33,26, ,5,6
22/06/2021,42,31,28, ,5,7
21/06/2021, ,25,21, ,4,6
20/06/2021,62, , , , , 
19/06/2021,55,52,24, ,4,8
18/06/2021,53,40,19, ,4,7
17/06/2021,54,34,26, ,5,5
16/06/2021,48,32,22, ,6,7
15/06/2021,45,19,15, ,4,7
14/06/2021,32,20,18, ,3,5
13/06/2021,59,13,25, ,3,5
12/06/2021,66,34,27, ,4,6
11/06/2021,60,37,25, ,4,5
10/06/2021,52,33,25, ,4,5
09/06/2021,45,26,24, ,3,5
08/06/2021,34,17,12, ,4,5
07/06/2021,41,14,16, ,3,4
06/06/2021,46,26,23, ,3,4
05/06/2021,63,38,26, ,4,5
04/06/2021,56,36,28, ,5,7
03/06/2021,55,37,28, ,4,5
02/06/2021,66,34,28, ,4,5
01/06/2021,67,36,21, ,5,8
31/05/2021,59,35,20, ,5,10
30/05/2021,52,32,33, ,3,8
29/05/2021,53,33,24, ,3,6
28/05/2021,55,36,26, ,3,5
27/05/2021,57,40,21, ,4,5
26/05/2021,57,37,21, ,4,5
25/05/2021,44,36,18, ,3,5
24/05/2021,37,30,20, ,3,4
23/05/2021,42,22,23, ,2,3
22/05/2021,58,26,23, ,3,4
21/05/2021,56, ,26, ,5,5
20/05/2021,54,32,25, ,4,4
19/05/2021,45,37,28, ,4,4
18/05/2021,43,24,20, ,4,5
17/05/2021,32,17,12, ,2,4
16/05/2021,46,13,17, ,2,2
15/05/2021,51,26,25, ,3,2
14/05/2021,50,32,25, ,3,4
13/05/2021,55,38,20, ,4,5
12/05/2021,31,34,17, ,4,6
11/05/2021,24,29,16, ,3,4
10/05/2021,37,31,13, ,2,4
09/05/2021,48,25,21, ,2,2
08/05/2021,54,23,30, ,2,3
07/05/2021,40,36,31, ,3,5
06/05/2021,50,24,27, ,3,5
05/05/2021,50,26,28, ,2,7
04/05/2021,51,33,29, ,3,8
03/05/2021,33,21,15, ,3,9
02/05/2021,40,13,22, ,2,5
01/05/2021,39,18,47, ,2,5
30/04/2021,59,16,17, ,3,7
29/04/2021,47,24,21, ,3,9
28/04/2021,50,20,20, ,3,8
27/04/2021,39,20,22, ,3,8
26/04/2021,50,24,25, ,2,5
25/04/2021,38,22,34, ,2,3
24/04/2021,52,12,42, ,2,4
23/04/2021,55,32,27, ,2,5
22/04/2021,42,31,33, ,4,6
21/04/2021,53,23,30, ,2,7
20/04/2021,48,34,29, ,3,7
19/04/2021,57,23,15, ,3,7
18/04/2021,52,42,34, ,3,5
17/04/2021,48,38,21, ,3,5
16/04/2021,47,35,33, ,2,4
15/04/2021,50,32,26, ,2,4
14/04/2021,41,37,30, ,3,5
13/04/2021,57,37,27, ,3,5
12/04/2021,50,34,22, ,4,8
11/04/2021,51,33,32, ,3,7
10/04/2021,51,26,31, ,3,5
09/04/2021,40,31,28, ,2,4
08/04/2021,57,27,31, ,2,4
07/04/2021,50,37,31, ,3,5
06/04/2021,54,33,28, ,2,6
05/04/2021,49,31,28, ,2,7
04/04/2021,39,23,23, ,3,8
03/04/2021,40,18,25, ,2,6
02/04/2021,51,20,29, ,2,6
01/04/2021,42,30,29, ,3,7
31/03/2021,44,31,26, ,3,7
30/03/2021,39,39,23, ,3,6
29/03/2021,51,26,28, ,2,5
28/03/2021,63,26,32, ,3,4
27/03/2021,63,34,30, ,2,5
26/03/2021,52,36,36, ,3,6
25/03/2021,66,30,34, ,3,7
24/03/2021,45,34,34, ,3,8
23/03/2021,41,22,26, ,3,6
22/03/2021,44,19,18, ,2,6
21/03/2021,39,27,29, ,2,6
20/03/2021,61,24,23, ,2,6
19/03/2021,48,30,25, ,3,9
18/03/2021,68,18,20, ,2,9
17/03/2021,44,33,20, ,3,11
16/03/2021,41,23,28, ,2,7
15/03/2021,39,18,26, ,2,8
14/03/2021,51,20,25, ,2,7
13/03/2021,42,23,21, ,2,9
12/03/2021,44,20,13, ,2,7
11/03/2021,36,21,15, ,3,7
10/03/2021,27,16,15, ,2,6
09/03/2021,45,17,14, ,2,6
08/03/2021,56,18,19, ,2,5
07/03/2021,69,29,34, ,2,7
06/03/2021,51,36,39, ,3,8
05/03/2021,44,24,20, ,2,8
04/03/2021,47,21,21, ,2,10
03/03/2021,43,16,14, ,2,6
02/03/2021,34,16,13, ,2,6
01/03/2021,39,15,19, ,2,5
28/02/2021,36,19,28, ,2,3
27/02/2021,46,20,23, ,2,4
26/02/2021,54,30,23, ,2,4
25/02/2021,51,27,25, ,2,6
24/02/2021,63,36,27, ,2,4
23/02/2021,39,43,33, ,2,6
22/02/2021,26,18,17, ,2,4
21/02/2021,39,18,20, ,2,2
20/02/2021,29,21,25, ,2,3
19/02/2021,32,29,16, ,1,3
18/02/2021,32,17,26, ,1,4
17/02/2021,27,16,24, ,2,4
16/02/2021,39,13,29, ,1,6
15/02/2021, ,27,26, ,3,6
14/02/2021,52, , , , , 
13/02/2021,52,14,3, ,2,6
12/02/2021,34,23,19, ,2,8
11/02/2021,42,14,17, ,2,7
10/02/2021,51,20,20, ,2,8
09/02/2021,44,37,29, ,2,7
08/02/2021,45,36,21, ,2,6
07/02/2021,65,39,29, ,3,7
06/02/2021,48,38,33, ,3,8
05/02/2021,63,28,24, ,2,6
04/02/2021,49,39,34, ,3,7
03/02/2021,54,39,31, ,3,6
02/02/2021,47,38,29, ,2,5
01/02/2021,48,39,27, ,2,5
31/01/2021,47,43,34, ,4,4
30/01/2021,42,33,34, ,2,5
29/01/2021,45,37,30, ,2,5
28/01/2021,44,34,27, ,2,4
27/01/2021,44,33,31, ,2,4
26/01/2021,55,25,21, ,2,4
25/01/2021,39,29,24, ,2,5
24/01/2021,47,23,28, ,2,4
23/01/2021,40,26,27, ,2,5
22/01/2021,51,15,13, ,2,5
21/01/2021,47,31,26, ,2,6
20/01/2021,57,27,32, ,3,6
19/01/2021,38,33,32, ,3,6
18/01/2021,35,32,27, ,2,5
17/01/2021,43,23,30, ,1,5
16/01/2021,41,27,25, ,1,5
15/01/2021,60,32,28, ,2,5
14/01/2021,55,43,28, ,3,6
13/01/2021,54,34,29, ,4,6
12/01/2021,47,26,27, ,4,6
11/01/2021,37,22,30, ,2,5
10/01/2021,50,19,30, ,2,4
09/01/2021,50,20,29, ,3,4
08/01/2021,44,22,25, ,3,5
07/01/2021,43,21,29, ,3,6
06/01/2021,29,15,18, ,3,5
05/01/2021,25,24,14, ,2,4
04/01/2021,30,11,16, ,1,4
03/01/2021,28,13,20, ,2,3
02/01/2021,98,10,25, ,2,3
01/01/2021,56,45,33, ,5,6
31/12/2020,37,29,27, ,4,5
30/12/2020,44,16,24, ,2,5
29/12/2020,28,17,29, ,2,6
28/12/2020,40,10,21, ,2,5
27/12/2020,39,16,25, ,2,5
26/12/2020,33,12,18, ,2,6
25/12/2020,39,12,26, ,1,5
24/12/2020,51,17,28, ,2,6
23/12/2020,59,28,30, ,3,7
22/12/2020,47,29,33, ,4,5
21/12/2020,27,22,31, ,2,5
20/12/2020,48,21,38, ,1,4
19/12/2020,52,26,31, ,2,5
18/12/2020,54,26,26, ,3,6
17/12/2020,56,21,20, ,4,5
16/12/2020,52,32,39, ,4,5
15/12/2020,49,28,32, ,2,5
14/12/2020,52,32,32, ,3,5
13/12/2020,67,27,35, ,2,4
12/12/2020,52,44,37, ,3,8
11/12/2020,49,29,31, ,2,6
10/12/2020,54,29,15, ,1,6
09/12/2020,53,30,28, ,4,8
08/12/2020,48,24,25, ,3,7
07/12/2020,47,27,33, ,3,6
06/12/2020,55,22,28, ,2,7
05/12/2020,37,26,25, ,3,8
04/12/2020,56,14,24, ,2,6
03/12/2020,42,24,20, ,3,8
02/12/2020,54,17,23, ,2,8
01/12/2020,54,30,31, ,2,5
30/11/2020,60,33,30, ,5,5
29/11/2020,67,29,40, ,4,7
28/11/2020,68,36,40, ,4,8
27/11/2020,45,29,19, ,6,9
26/11/2020,56,20,37, ,3,6
25/11/2020,54,32,35, ,5,7
24/11/2020,61,33,29, ,5,7
23/11/2020,69,27,25, ,4,10
22/11/2020,48,34,37, ,4,7
21/11/2020,55,23,31, ,4,7
20/11/2020,80,23,21, ,4,7
19/11/2020,79, ,25, ,4,7
18/11/2020,89,49,34, ,5,6
17/11/2020,97,55,37, ,5,6
16/11/2020,85,63,37, ,6,6
15/11/2020,107,54,44, ,5,6
14/11/2020,95,59,49, ,7,5
13/11/2020,90,58,46, ,4,6
12/11/2020,77,56,45, ,6,5
11/11/2020,86,58,44, ,5,5
10/11/2020,69,59,48, ,4,7
09/11/2020,76,52,39, ,5,6
08/11/2020,82,59,58, ,3,5
07/11/2020,92,56,49, ,9,6
06/11/2020,88,58,48, ,8,6
05/11/2020,69,63,50, ,4,6
04/11/2020,53,54,41, ,4,5
03/11/2020,65,46,40, ,3,4
02/11/2020,56,47,38, ,2,4
01/11/2020,65,40,34, ,2,5
31/10/2020,56,37,36, ,3,5
30/10/2020,58,31,30, ,3,5
29/10/2020,30,33,41, ,2,3
28/10/2020,55,17,26, ,2,4
27/10/2020,57,29,27, ,3,5
26/10/2020,55,35,45, ,3,4
25/10/2020,66,29,43, ,2,4
24/10/2020,48,37,35, ,2,5
23/10/2020,38,39,38, ,4,7
22/10/2020,56,23,41, ,3,5
21/10/2020,62,32,34, ,3,7
20/10/2020,46,36,43, ,1,7
19/10/2020,51,24,37, ,1,7
18/10/2020,46,31,38, ,4,6
17/10/2020,54,42,34, ,3,5
16/10/2020,58,42,42, ,4,6
15/10/2020,63,43,55, ,4,6
14/10/2020,49,41,54, ,4,5
13/10/2020,47,49,63, ,3,4
12/10/2020,64,42,65, ,3,4
11/10/2020,49,38,72, ,2,4
10/10/2020,39,43,76, ,2,3
09/10/2020,36,34,72, ,2,3
08/10/2020,50,19,78, ,3,4
07/10/2020,43,46,62, ,2,3
06/10/2020,40,46,60, ,3,4
05/10/2020,61,35,63, ,2,4
04/10/2020,69,34,52, ,8,5
03/10/2020,59,41,43, ,2,5
02/10/2020,52,45,54, ,3,5
01/10/2020,47,45,50, ,3,3
30/09/2020, ,19,2, ,3,7
24/09/2020,56, , , , , 
23/09/2020,42,41,58, ,2,2
22/09/2020,49,38,64, ,3,3
21/09/2020,57,36,59, ,4,3
20/09/2020,73,32,46, ,4,4
19/09/2020,57,41,48, ,6,7
18/09/2020,62,30,51, ,4,5
17/09/2020,70,37,51, ,4,5
16/09/2020,61,53,51, ,6,6
15/09/2020,36,46,42, ,5,4
14/09/2020,39,35,51, ,3,3
13/09/2020,53,42,45, ,3,2
12/09/2020,63,44,50, ,4,5
11/09/2020,53,49,61, ,4,4
10/09/2020,59,44,62, ,4,4
09/09/2020,44,40,65, ,4,5
08/09/2020,54,34,51, ,3,3
07/09/2020,43,44,47, ,3,3
06/09/2020,35,29,65, ,3,2
05/09/2020,57,35,46, ,3,3
04/09/2020,54,38,43, ,4,5
03/09/2020,53,34,49, ,4,5
02/09/2020,53,37,49, ,4,5
01/09/2020,59,25,37, ,4,5
31/08/2020,41,32,62, ,3,7
30/08/2020,51,27,56, ,3,5
29/08/2020,47,27,32, ,3,6
28/08/2020,60,25,38, ,3,4
27/08/2020,59,37,56, ,5,4
26/08/2020,69,40,44, ,4,4
25/08/2020,56,41,46, ,5,6
24/08/2020,50,39,47, ,4,7
23/08/2020,55,29,45, ,2,5
22/08/2020,39,31,44, ,4,7
21/08/2020,42,20,31, ,3,6
20/08/2020,45,20,31, ,3,5
19/08/2020,37,27,32, ,2,5
18/08/2020,6,22,36, ,2,4
17/08/2020,47,41,42, ,3,4
16/08/2020,66,35,54, ,2,3
15/08/2020,45,42,38, ,3,4
14/08/2020,56,32,40, ,3,4
13/08/2020,61,50,37, ,4,4
12/08/2020,61,49,40, ,4,4
11/08/2020,53,56,47, ,5,7
10/08/2020,34,44,42, ,3,7
09/08/2020,45,48,37, ,2,5
08/08/2020,42,49,38, ,2,6
07/08/2020,58,67,65, ,3,6
06/08/2020,48,47,37, ,3,7
05/08/2020,43,49,41, ,3,6
04/08/2020,48,41,47, ,3,3
03/08/2020,34,49,40, ,3,9
02/08/2020,35,34,47, ,2,10
01/08/2020,41,38,38, ,2,11
31/07/2020,53,41,31, ,3,12
30/07/2020,50,35,33, ,3,10
29/07/2020,42,34,36, ,4,6
28/07/2020,45,44,36, ,4,6
27/07/2020,35,29,33, ,3,5
26/07/2020,52,25,34, ,2,4
25/07/2020,54,26,32, ,2,6
24/07/2020,45,42,33, ,3,6
23/07/2020,53,31,31, ,3,5
22/07/2020,44,29,34, ,3,5
21/07/2020,44,31,38, ,3,5
20/07/2020,34,31,30, ,3,5
19/07/2020,36,28,37, ,2,3
18/07/2020,35,34,43, ,2,3
17/07/2020,24,34,56, ,2,3
16/07/2020,37,33,32, ,1,3
15/07/2020,39,24,27, ,2,4
14/07/2020,43,29,27, ,2,5
13/07/2020,54,18,21, ,2,5
12/07/2020,50,34,30, ,2,4
11/07/2020,51,30,22, ,2,4
10/07/2020,52,34,23, ,2,4
09/07/2020,59,33,21, ,3,4
08/07/2020,48,30,18, ,2,6
07/07/2020,48,26,17, ,1,4
06/07/2020,46,24,22, ,2,3
05/07/2020,46,20,21, ,1,3
04/07/2020,49,21,16, ,1,3
03/07/2020,55,28,14, ,1,4
02/07/2020,56,25,17, ,2,4
01/07/2020,52,35,21, ,1,3
30/06/2020,58,34,24, ,1,3
29/06/2020,50,36,20, ,2,7
28/06/2020,47,27,24, ,1,6
27/06/2020,41,27,24, ,1,6
26/06/2020,57,26,16, ,2,6
25/06/2020,46,31,18, ,2,6
24/06/2020,45,34,21, ,3,5
23/06/2020,35,26,17, ,2,5
22/06/2020,31,23,19, ,2,5
21/06/2020,39,16,17, ,1,4
20/06/2020,38,17,13, ,2,5
19/06/2020,37,18,19, ,1,5
18/06/2020,54,20,23, ,1,5
17/06/2020,37,30,23, ,1,4
16/06/2020,23,27,20, ,1,4
15/06/2020,33,20,16, ,1,4
14/06/2020,64,17,18, ,1,4
13/06/2020,48,39,23, ,2,5
12/06/2020,55,28,24, ,1,4
11/06/2020,42,34,27, ,1,3
10/06/2020,31,33,40, ,1,3
09/06/2020,57,31,28, ,2,4
08/06/2020,45,30,34, ,2,5
07/06/2020,42,24,31, ,1,4
06/06/2020,46,27,42, ,2,5
05/06/2020,46,31,23, ,2,7
04/06/2020,46,29,37, ,3,5
03/06/2020,39,23,27, ,2,6
02/06/2020,38,17,22, ,1,5
01/06/2020,24,17,22, ,1,4
31/05/2020,25,15,25, ,1,3
30/05/2020,35,15,23, ,1,3
29/05/2020,44,19,26, ,1,4
28/05/2020,33,30,29, ,1,4
27/05/2020,22,34,29, ,1,3
26/05/2020,33,36,24, ,1,2
25/05/2020,30,26,27, ,1,4
24/05/2020,42,25,30, ,1,3
23/05/2020,56,34,31, ,1,4
22/05/2020, ,33,31, ,1,4
20/05/2020,54, , , , , 
19/05/2020,37,37,17, ,4,12
18/05/2020,27,22,25, ,1,6
17/05/2020,33,9,9, ,1,5
16/05/2020,49,24,27, ,1,5
15/05/2020,53,30,37, ,1,6
14/05/2020,34,33,37, ,2,5
13/05/2020,37,14,30, ,1,2
12/05/2020,45,13,21, , ,2
11/05/2020,42,23,24, , ,5
10/05/2020,38,21,27, , ,6
09/05/2020,35,25,26, , ,4
08/05/2020,46,27,25, , ,5
07/05/2020,41,24,30, ,1,5
06/05/2020,45,29,30, ,1,5
05/05/2020,36,28,26, ,1,5
04/05/2020,30,21,25, , ,5
03/05/2020,32,16,19, , ,4
02/05/2020,43,17,22, , ,4
01/05/2020,37,20,22, , ,4
30/04/2020,49,20,28, , ,4
29/04/2020,45,24,36, , ,4
28/04/2020,50,25,32, , ,4
27/04/2020,43,28,38, ,1,5
26/04/2020,25,20,37, , ,3
25/04/2020,36,11,33, , ,3
24/04/2020,33,16,26, , ,4
23/04/2020,36,15,27, , ,4
22/04/2020,36,20,32, , ,5
21/04/2020,42,22,33, , ,5
20/04/2020,33,22,35, , ,5
19/04/2020,40,17,39, , ,4
18/04/2020,56,17,46, , ,5
17/04/2020,39,23,63, ,1,6
16/04/2020,28,18,32, , ,4
15/04/2020,21,10,34, , ,4
14/04/2020,22,13,26, , ,4
13/04/2020,33,37,30, , ,3
12/04/2020,24,49,29, , ,3
11/04/2020,41,9,28, , ,3
10/04/2020,35,23,37, , ,3
09/04/2020,36,23,35, , ,3
08/04/2020,28,24,34, , ,3
07/04/2020,26,21,35, , ,3
06/04/2020,32,18,37, , ,2
05/04/2020,37,18,27, , ,3
04/04/2020,39,23,34, , ,3
03/04/2020,40,24,36, , ,3
02/04/2020,22,19,33, , ,4
01/04/2020, ,15,31, , ,3
30/03/2020,26, , , , , 
29/03/2020,22,9,20, , ,4
28/03/2020,37,10,41, , ,4
27/03/2020,50,19,33, , ,4
26/03/2020,67,26,49, , ,4
25/03/2020,70,28,46, , ,4
24/03/2020,51,35,50, , ,4
23/03/2020,35,30,41, , ,4
22/03/2020,30,24,34, , ,3
21/03/2020,20,20,30, , ,4
20/03/2020,35,8,29, , ,3
19/03/2020,45,21,39, , ,4
18/03/2020,29,21,44, , ,4
17/03/2020,26,11,38, , ,4
16/03/2020,26,19,24, , ,5
15/03/2020,26, ,32, , ,5
14/03/2020,42, ,24, , ,5
13/03/2020,55, ,36, ,1,6
12/03/2020,62,25,34, ,1,6
11/03/2020,75,31,35, , ,7
10/03/2020,72,34,27, ,1,9
09/03/2020,47,43,43, ,2,9
08/03/2020,45,32,42, ,1,6
07/03/2020,52,20,30, ,1,7
06/03/2020,59,25,24, ,2,7
05/03/2020,57,38,36, ,2,6
04/03/2020,54,36,38, ,2,6
03/03/2020,63,39,41, ,2,6
02/03/2020,58,6,45, ,2,7
01/03/2020,62,39,50, ,1,7
29/02/2020,50,35,47, ,2,7
28/02/2020,40,27,34, ,1,6
27/02/2020,38,17,28, ,1,5
26/02/2020,44,18,23, ,1,5
25/02/2020,40,25,33, ,1,4
24/02/2020,45,18,29, ,1,6
23/02/2020,38,27,53, ,1,6
22/02/2020,40,16,23, ,1,6
21/02/2020,46,21,24, ,1,6
20/02/2020,58,44,35, ,2,6
19/02/2020,41,46,35, ,2,6
18/02/2020,55,53,42, ,2,5
17/02/2020,54,54,36, ,2,5
16/02/2020,53,50,43, ,1,6
15/02/2020,69,50,58, ,2,7
14/02/2020,66,53,50, ,2,7
13/02/2020,74,48,43, ,2,7
12/02/2020, ,55,33, ,3,9
08/02/2020,84, , , , , 
07/02/2020,74,63,54, ,3,9
06/02/2020,75,53,47, ,4,8
05/02/2020,54,54,51, ,5,10
04/02/2020,55,39,36, ,1,7
03/02/2020,38,37,36, ,2,8
02/02/2020,62,35,37, , ,5
01/02/2020,72,35,24, ,3,9
31/01/2020,60,42,43, ,1,9
30/01/2020,46,36,31, ,2,6
29/01/2020,53,24,22, , ,4
28/01/2020,39,31,23, ,1,7
27/01/2020,42,20,25, , ,5
26/01/2020,45,22,33, , ,4
25/01/2020,37,29,32, ,1,6
24/01/2020,36,22,30, ,1,5
23/01/2020,30,25,24, ,1,4
22/01/2020,32,13,20, , ,4
21/01/2020,39,15,17, , ,6
20/01/2020,31,30,30, , ,6
19/01/2020,30,32,31, ,1,5
18/01/2020,34,43,24, ,1,5
17/01/2020,47,53,26, , ,5
16/01/2020,106,61,27, ,1,5
15/01/2020,83,48,32, ,4,10
14/01/2020,44,54,47, ,3,7
13/01/2020,35,42,31, , ,4
12/01/2020,44,37,26, , ,4
11/01/2020,58,42,28, ,1,5
10/01/2020,57,50,33, ,2,6
09/01/2020,72,61,35, ,3,5
08/01/2020,51,35,45, ,3,6
07/01/2020,36,37,33, ,2,7
06/01/2020,29,16,22, ,2,6
05/01/2020,45,26,27, ,2,5
04/01/2020,45,31,38, ,2,7
03/01/2020,35,24,28, ,2,8
02/01/2020,46,18,17, ,2,7
01/01/2020, ,22,23, ,2,6
30/12/2019,43, , , , , 
29/12/2019,55,34,34, ,2,5
28/12/2019,47,40,32, ,3,7
27/12/2019,47,33,28, ,3,7
26/12/2019,45,39,29, ,3,6
25/12/2019,53,41,36, ,2,6
24/12/2019, ,47,27, ,3,7
23/12/2019,46,39,26, ,3,6
22/12/2019,53,40,28, ,3,7
21/12/2019,70,47,31, ,4,8
20/12/2019,64,41,29, ,4,10
19/12/2019,59,33,30, ,3,9
18/12/2019,59,37,31, ,3,8
17/12/2019,63,28,41, ,3,7
16/12/2019,67,44,38, ,3,7
15/12/2019,70,48,45, ,3,8
14/12/2019,69,45,35, ,3,8
13/12/2019,48,38,31, ,3,8
12/12/2019,55,21,28, ,3,6
11/12/2019,62,31,39, ,4,6
10/12/2019,53,27,34, ,3,6
09/12/2019,29,26,26, ,4,7
08/12/2019,33,21,32, ,2,6
07/12/2019,51,14,32, ,2,6
06/12/2019,60,20,36, ,2,7
05/12/2019,58,27,37, ,3,8
04/12/2019,62,32,33, ,3,7
03/12/2019,55,42,37, ,3,7
02/12/2019,45,36,35, ,4,8
01/12/2019,48,24,34, ,3,7
30/11/2019,65,36,33, ,2,5
29/11/2019,51,40,32, ,3,6
28/11/2019,45,36,28, ,3,5
27/11/2019,51,38,25, ,3,6
26/11/2019,47,39,28, ,4,6
25/11/2019,65,35,35, ,3,6
24/11/2019,63,32,40, ,2,6
23/11/2019,57,32,32, ,3,8
22/11/2019,46,30,34, ,3,6
21/11/2019,49,23,26, ,2,6
20/11/2019,58,26,39, ,3,6
19/11/2019,52,37,26, ,3,6
18/11/2019,32,29,30, ,2,5
17/11/2019,44,22,26, ,2,4
16/11/2019,41,25,21, ,3,6
15/11/2019,40,18,7, ,3,6
14/11/2019,39,18,23, ,2,4
13/11/2019,49,14,24, ,2,6
12/11/2019,39,24,25, ,3,7
11/11/2019,36,16,19, ,3,7
10/11/2019,42,21,32, ,2,5
09/11/2019,50,29,28, ,3,6
08/11/2019,60,42,41, ,4,6
07/11/2019,52,36,25, ,2,7
06/11/2019,47,31,35, ,2,6
05/11/2019,35,30,33, ,1,6
04/11/2019,41,19,33, ,1,4
03/11/2019,36,20,35, , ,4
02/11/2019,47,18,44, ,1,5
01/11/2019,61,31,42, ,1,5
31/10/2019,58,35,40, ,2,6
30/10/2019,56,32,32, ,2,6
29/10/2019,45,33,36, ,2,6
28/10/2019,47,27,26, ,1,4
27/10/2019,59,29,38, ,1,5
26/10/2019,80,35,27, ,2,7
25/10/2019,72,44,31, ,4,11
24/10/2019,53,36,22, ,5,11
23/10/2019,39,22,22, ,3,9
22/10/2019, ,21,30, ,1,7
20/10/2019,60, , , , , 
19/10/2019,64,27,5, ,1,6
18/10/2019,68,39,41, ,2,7
17/10/2019,66,38,34, ,2,6
16/10/2019,68,43,33, ,2,5
15/10/2019,57,44,33, ,2,6
14/10/2019,57,55,39, ,3,4
13/10/2019,70,39,33, ,1,4
12/10/2019,59,50,46, ,3,4
11/10/2019,61,36,31, ,2,5
10/10/2019,58,35,36, ,2,5
09/10/2019,65,35,45, ,1,5
08/10/2019,37,37,36, ,6,5
07/10/2019,41,16,35, ,1,4
06/10/2019,62,27,34, , ,3
05/10/2019,67,33,39, ,2,4
04/10/2019,62,43,36, ,3,7
03/10/2019,66,27,37, ,3,6
02/10/2019,79,30,38, ,2,6
01/10/2019,72,35,48, ,1,7
30/09/2019,49,26,38, ,2,7
29/09/2019,48,31,41, ,1,5
28/09/2019,64,34,40, ,1,5
27/09/2019,66,43,44, ,2,6
26/09/2019,67,56,46, ,4,7
25/09/2019,52,45,53, ,2,8
24/09/2019,58,45,45, ,2,8
23/09/2019,54,47,44, ,2,7
22/09/2019,74,41,38, ,2,6
21/09/2019,67,52,43, ,3,8
20/09/2019,65,49,51, ,2,7
19/09/2019,72,85,39, ,1,5
18/09/2019,72,48,37, ,2,5
17/09/2019,67,55,38, ,2,6
16/09/2019,49,58,45, ,2,7
15/09/2019,42,48,37, ,1,6
14/09/2019,50,58,38, ,1,6
13/09/2019,94,61,43, ,2,6
12/09/2019,61,57,33, ,3,8
11/09/2019,65,58,37, ,4,8
10/09/2019,45,66,42, ,3,7
09/09/2019,38,53,44, ,1,6
08/09/2019,37,45,49, ,1,5
07/09/2019,67,50,44, ,1,6
06/09/2019,70,62,35, ,2,6
05/09/2019,87,53,41, ,2,6
04/09/2019,74,58,41, ,2,6
03/09/2019,76,58,46, ,3,7
02/09/2019,56,57,50, ,2,6
01/09/2019,71,40,23, ,1,7
31/08/2019,60,57,44, ,1,6
30/08/2019,41,65,50, ,1,6
29/08/2019,55,46,45, ,1,6
28/08/2019,52,69,40, ,1,6
27/08/2019,37,45,50, ,1,5
26/08/2019,43,47,52, , ,4
25/08/2019,34,41,47, , ,4
24/08/2019,32,51,42, , ,4
23/08/2019,45,49,44, , ,5
22/08/2019,39,46,44, ,1,4
21/08/2019,32,53,40, ,1,4
20/08/2019,40,51,33, ,1,4
19/08/2019,46,48,34, ,1,4
18/08/2019,71,42,34, ,1,5
17/08/2019,72,56,51, ,2,7
16/08/2019,90,46,61, ,1,4
15/08/2019,77,63,67, ,1,6
14/08/2019,41,98,59, ,1,7
13/08/2019,38,58,34, ,1,5
12/08/2019,36,45,37, ,1,5
11/08/2019,44,21,33, , ,4
10/08/2019,39,44,31, ,1,6
09/08/2019,37,47,33, ,1,6
08/08/2019,45,50,35, , ,5
07/08/2019,48,47,36, ,2,5
06/08/2019,48,63,39, ,1,4
05/08/2019,33,58,41, ,1,5
04/08/2019,46,24,32, , ,5
03/08/2019,73,42,27, , ,5
02/08/2019,52,51,33, ,2,8
01/08/2019,33,51,32, ,1,5
31/07/2019,48,43,29, ,1,4
30/07/2019,49,52,35, ,2,5
29/07/2019,36,48,36, ,2,6
28/07/2019,45,36,27, , ,7
27/07/2019,48,42,32, ,2,8
26/07/2019,66,39,31, ,2,7
25/07/2019,49,35,29, ,2,8
24/07/2019,51,24,27, ,1,8
23/07/2019,52,29,21, ,1,7
22/07/2019,38,42,29, ,1,6
21/07/2019,33,41,27, ,1,5
20/07/2019,40,44,25, ,1,4
19/07/2019,40,50,30, ,1,5
18/07/2019,42,48,30, ,1,5
17/07/2019,52,50,31, ,2,6
16/07/2019,52,34,26, ,2,8
15/07/2019,48,26,28, ,1,9
14/07/2019,64,24,24, , ,8
13/07/2019,68,45,26, ,2,11
12/07/2019,56,47,32, ,2,10
11/07/2019,41,51,35, ,1,7
10/07/2019,47,55,33, ,1,6
09/07/2019,51,39,29, ,2,8
08/07/2019,33,37,23, ,1,7
07/07/2019,43,28,25, , ,5
06/07/2019,58,43,24, ,3,5
05/07/2019,71,43,29, ,3,6
04/07/2019,73,45,23, ,3,9
03/07/2019,72,48,23, ,2,8
02/07/2019,51,49,31, ,2,8
01/07/2019,40,39,29, ,1,6
30/06/2019,52,36,22, , ,4
29/06/2019,46,34,23, ,2,5
28/06/2019,64,44,27, ,2,6
27/06/2019,67,55,30, ,5,4
26/06/2019,57,60,33, ,5,7
25/06/2019,58,52,32, ,3,7
24/06/2019,33,37,24, ,1,7
23/06/2019,35,28,26, , ,5
22/06/2019,36,42,27, ,1,5
21/06/2019,38,40,25, ,1,6
20/06/2019,44,40,22, ,1,5
19/06/2019,34,34,31, ,1,4
18/06/2019,39,30,25, ,1,4
17/06/2019,51,36,23, , ,4
16/06/2019,69,29,29, ,1,5
15/06/2019,72,36,32, ,2,8
14/06/2019,75,29,22, ,2,9
13/06/2019,73,47,13, ,2,7
12/06/2019,65,34,19, ,3,7
11/06/2019,54,27,21, ,1,6
10/06/2019,56,28,18, ,1,5
09/06/2019,66,37,27, ,2,6
08/06/2019,66,37,31, ,2,6
07/06/2019,55,39,31, ,2,7
06/06/2019,48,30,30, ,1,7
05/06/2019,46,35,28, ,2,7
04/06/2019,57,30,25, ,2,6
03/06/2019,47,31,24, ,3,8
02/06/2019,47,25,30, ,1,6
01/06/2019,51,25,30, ,1,6
31/05/2019,59,19,25, ,1,7
30/05/2019,55,23,22, ,1,7
29/05/2019,61,23,28, ,1,6
28/05/2019,65,23,27, ,2,6
27/05/2019,45,24,30, ,1,6
26/05/2019,47,18,26, ,1,6
25/05/2019,51,28,30, ,1,5
24/05/2019,58,25,28, ,2,5
23/05/2019,66,27,27, ,2,6
22/05/2019,52,31,29, ,2,5
21/05/2019,71,30,28, ,2,6
20/05/2019,42,35,29, ,2,8
19/05/2019,51,15,17, ,1,6
18/05/2019,87,29,28, ,1,4
17/05/2019,73,46,27, ,1,2
16/05/2019,61,34,32, ,2,5
15/05/2019,76,35,26, ,3,5
14/05/2019,78,28,19, ,3,7
13/05/2019,56,37,11, ,3,9
12/05/2019,73,27,30, ,1,5
11/05/2019,52,32,36, ,1,5
10/05/2019,56,27,30, ,1,5
09/05/2019,58,29,29, ,1,6
08/05/2019,71,29,15, ,1,7
07/05/2019,52,34,29, ,2,8
06/05/2019,41,34,30, ,2,7
05/05/2019,51,18,35, ,1,5
04/05/2019,56,38,33, ,3,8
03/05/2019,68,38,30, ,3,7
02/05/2019,57,43,36, ,3,8
01/05/2019,48,38,42, ,4,6
30/04/2019,63,36,23, ,4,7
29/04/2019,47,38,28, ,3,7
28/04/2019,62,27,31, ,3,7
27/04/2019,59,29,26, ,4,11
26/04/2019,69,28,27, ,2,7
25/04/2019,54,30,33, ,4,9
24/04/2019,67,23,23, ,3,9
23/04/2019,62,28,29, ,2,10
22/04/2019,32,24,16, ,2,11
21/04/2019,45,30,23, ,1,7
20/04/2019,39,20,29, ,2,7
19/04/2019,66,20,23, ,1,8
18/04/2019,61,34,36, ,2,10
17/04/2019,72,36,31, ,1,8
16/04/2019,63,40,36, ,3,9
15/04/2019,59,30,30, ,2,8
14/04/2019,48,35,40, ,2,8
13/04/2019,74,33,44, ,3,7
12/04/2019,68,42,47, ,2,8
11/04/2019,56,37,39, ,2,7
10/04/2019,79,28,46, ,2,6
09/04/2019,84,30,45, ,2,8
08/04/2019,74,45,57, ,3,9
07/04/2019,67,31,58, ,3,7
06/04/2019,67,23,46, ,1,7
05/04/2019,43,27,29, ,1,7
04/04/2019,47,23,18, ,1,5
03/04/2019,59,20,30, ,1,6
02/04/2019,54,27,31, ,1,6
01/04/2019,71,26,13, ,1,6
31/03/2019,83,34,45, ,2,8
30/03/2019,68,57,35, ,3,13
29/03/2019,63,32,33, ,2,7
28/03/2019,84,44,30, ,1,6
27/03/2019,75,36,58, ,2,8
26/03/2019,74,33,33, ,3,7
25/03/2019,73,32,61, ,5,9
24/03/2019,75,47,56, ,3,10
23/03/2019,77,40,52, ,4,12
22/03/2019,46,28,34, ,4,14
21/03/2019,69,27,39, ,2,8
20/03/2019,62,31,38, ,3,10
19/03/2019,85,26,30, ,3,8
18/03/2019,71,40,53, ,4,9
17/03/2019,73,40,43, ,4,7
16/03/2019,55,50,45, ,6,8
15/03/2019,91,37,42, ,3,7
14/03/2019,83,37,41, ,5,9
13/03/2019,66,47,38, ,3,7
12/03/2019,68,38,31, ,2,7
11/03/2019,45,35,37, ,2,7
10/03/2019,57,40,38, ,3,8
09/03/2019,72,34,44, ,3,6
08/03/2019,87,39,59, ,4,8
07/03/2019,79,41,52, ,4,9
06/03/2019,82,38,55, ,3,7
05/03/2019,69,35,53, ,3,5
04/03/2019,76,34,46, ,3,5
03/03/2019,75,28,43, ,2,6
02/03/2019,66, , , , , 
01/03/2019,61,27,43, ,3,6
28/02/2019,54,36,46, ,3,9
27/02/2019,76,40,42, ,3,10
26/02/2019,68,27,35, ,3,9
25/02/2019,51,22,28, ,2,8
24/02/2019,80,13,20, ,2,7
23/02/2019,91,39,35, ,3,8
22/02/2019,88,45,40, ,5,9
21/02/2019,79,34,34, ,6,8
20/02/2019,69,24,32, ,3,6
19/02/2019,77,28,24, ,3,6
18/02/2019,88,31,29, ,3,6
17/02/2019,91,56,46, ,3,7
16/02/2019,101,57,49, ,7,7
15/02/2019,91,61,23, ,6,11
14/02/2019,59,43,17, ,5,11
13/02/2019,72,40,26, ,4,8
12/02/2019,61,39,32, ,4,8
11/02/2019,59,32,31, ,3,7
10/02/2019,76,37,29, ,2,6
09/02/2019,68,23,26, ,2,7
08/02/2019,71,32,35, ,2,8
07/02/2019,91,44,17, ,2,7
06/02/2019,72,45,28, ,3,7
05/02/2019,64,21,26, ,3,6
04/02/2019,70,24,27, ,2,6
03/02/2019,55,24,35, ,2,5
02/02/2019,62,41,32, ,2,6
01/02/2019,58,24,31, ,2,6
31/01/2019,66,23,30, ,2,6
30/01/2019,56,21,39, ,3,6
29/01/2019,38,36,39, ,2,7
28/01/2019,56,29,29, ,2,6
27/01/2019,60,40,37, ,3,7
26/01/2019,76,44,34, ,4,9
25/01/2019,52,46,31, ,3,8
24/01/2019,59,48,28, ,2,6
23/01/2019,67,41,50, ,4,6
22/01/2019,64,43,31, ,4,7
21/01/2019,62,35,26, ,3,6
20/01/2019,86,36,24, ,3,5
19/01/2019,70,36,31, ,4,6
18/01/2019,90,44,33, ,5,7
17/01/2019,75,31,26, ,5,8
16/01/2019,78,41,31, ,4,8
15/01/2019,68,37,36, ,3,7
14/01/2019,58,33,28, ,2,7
13/01/2019,61,19,9, ,2,6
12/01/2019,62,31,33, ,2,7
11/01/2019,57,25,28, ,3,7
10/01/2019,67,17,21, ,3,7
09/01/2019,72,26,27, ,3,9
08/01/2019,68,30,25, ,3,7
07/01/2019,69,33,26, ,3,8
06/01/2019,62,46,33, ,4,8
05/01/2019,47,53,35, ,5,6
04/01/2019,42,41,28, ,4,6
03/01/2019,42,43,27, ,3,5
02/01/2019,42,45,29, ,3,4
01/01/2019, ,48,38, ,3,3
31/12/2018,46, , , , , 
30/12/2018,47,47,36, ,3,5
29/12/2018,50,48,35, ,4,5
28/12/2018,46,41,31, ,3,6
27/12/2018,50,39,32, ,3,5
26/12/2018,44,43,29, ,4,6
25/12/2018,59,32,21, ,4,5
24/12/2018,53,58,14, ,3,8
22/12/2018,66, , , , , 
21/12/2018,65,39,30, ,3,7
20/12/2018,66,35,26, ,6,9
19/12/2018,71,34,30, ,4,7
18/12/2018,66,40,34, ,3,7
17/12/2018,55,41,30, ,5,7
16/12/2018,62,35,40, ,6,5
15/12/2018,63,37,30, ,6,8
14/12/2018,56,42, , ,3,12
13/12/2018,58,41,29, ,4,7
12/12/2018,60,38,25, ,4,7
11/12/2018,60,33,31, ,4,7
10/12/2018,53,38,30, ,5,6
09/12/2018,63,32,34, ,3,6
08/12/2018,67,34,37, ,3,6
07/12/2018,74,36,42, ,3,5
06/12/2018,78,45,41, ,3,5
05/12/2018,76,29,31, ,3,5
04/12/2018,67,36,32, ,4,7
03/12/2018,56,36,33, ,3,5
02/12/2018,57,29,40, ,3,5
01/12/2018,63,29,34, ,3,6
30/11/2018,63,25,22, ,3,7
29/11/2018,67,35,27, ,4,6
28/11/2018,67,32,38, ,4,7
27/11/2018, ,23,23, ,3,7
26/11/2018, ,18,23, ,4,5
25/11/2018,92,32, , , , 
24/11/2018,71,31,15, ,3,3
23/11/2018,67,27,37, ,2,3
22/11/2018,82,32,39, ,2,5
21/11/2018,79,38,47, ,3,5
20/11/2018,63,36,28, ,3,6
19/11/2018,59,31,37, ,2,5
18/11/2018,82,39,41, ,2,5
17/11/2018,58,47,42, ,5,8
16/11/2018,62,28,28, ,3,7
15/11/2018,65,27,37, ,2,4
14/11/2018,64,35,36, ,1,4
13/11/2018,57,31,41, ,3,4
12/11/2018,55,28,25, ,4,5
11/11/2018,59,25,38, ,3,4
10/11/2018,54,26,33, ,2,5
09/11/2018,61,29,34, ,1,5
08/11/2018,74,30,36, ,2,5
07/11/2018,74,45,39, ,4,6
06/11/2018,64,27,38, ,3,5
05/11/2018,39,30,27, ,2,5
04/11/2018,52,17,40, , ,1
03/11/2018,57,31,39, ,1,1
02/11/2018,66,53,51, ,4,3
01/11/2018,82,60,43, ,5,4
31/10/2018,74,50,43, ,5,5
30/10/2018,80,56,46, ,4,4
29/10/2018,74,47,44, ,4,5
28/10/2018,73,42,46, ,3,5
27/10/2018,82,43,36, ,5,5
26/10/2018,101,44,34, ,4,5
25/10/2018,78,57,28, ,7,14
24/10/2018,73,67,48, ,5,10
23/10/2018,76,48,31, ,4,10
22/10/2018,63,43,44, ,3,7
21/10/2018,69,35,60, , ,6
20/10/2018,95,34,51, ,1,7
19/10/2018,95,46,52, ,3,7
18/10/2018,99,55,45, ,5,6
17/10/2018,83,59,47, ,4,8
16/10/2018,96,45,43, ,3,5
15/10/2018,61,55,52, ,4,7
14/10/2018,76,39,48, ,2,5
13/10/2018,73,46,43, ,5,7
12/10/2018,69,48,38, ,4,7
11/10/2018,61,43,29, ,10,8
10/10/2018,67,32,32, ,3,6
09/10/2018,62,30,5, ,2,7
08/10/2018,107, , , , , 
07/10/2018,92,37,48, ,6,5
06/10/2018,85,53,50, ,4,7
05/10/2018,87,52,52, ,4,6
04/10/2018,92,48,61, ,5,6
03/10/2018,89,60,60, ,5,6
02/10/2018,90,61,57, ,3,6
01/10/2018,73,55,56, ,3,9
30/09/2018,69,45,57, ,1,8
29/09/2018,78,52,58, ,1,7
28/09/2018,70,51,55, ,2,7
27/09/2018,64,41,44, ,1,6
26/09/2018,57,46,51, ,2,6
25/09/2018, ,43,62, ,1,5
22/09/2018,47,42, , , , 
21/09/2018,43,37,66, ,2,5
20/09/2018,70,46,50, ,2,5
19/09/2018,72,50,52, ,4,6
18/09/2018,64,44,52, ,3,7
17/09/2018,51,42,41, ,6,8
16/09/2018,66,26,47, ,1,8
15/09/2018,66,29,49, ,1,6
14/09/2018,86,25,35, ,1,7
13/09/2018,90,59,63, ,1,6
12/09/2018,83,49,61, ,3,9
11/09/2018,52,51,59, ,3,8
10/09/2018,37,47,54, ,1,7
09/09/2018,65,41,46, ,1,6
08/09/2018,94,47,35, ,3,8
07/09/2018,88,64,57, ,2,7
06/09/2018,64,57,64, ,2,7
05/09/2018,33,52,66, , ,5
04/09/2018,54,36,45, , ,5
03/09/2018,77,43,50, ,2,6
02/09/2018,63,43,53, ,1,6
01/09/2018,79,62,49, ,2,8
31/08/2018,64,55,61, ,1,8
30/08/2018,30,51,50, ,1,7
29/08/2018,54,41,46, , ,4
28/08/2018,52,44,46, ,1,5
27/08/2018,34,40,42, , ,5
26/08/2018,55,35,49, , ,4
25/08/2018,56,49,39, ,2,7
24/08/2018,54, , , , , 
23/08/2018,44, , , , , 
22/08/2018,34, , , , , 
21/08/2018,44, , , , , 
20/08/2018,41, , , , , 
19/08/2018,60, , , , , 
18/08/2018,52, , , , , 
17/08/2018,47, , , , , 
16/08/2018,67, , , , , 
15/08/2018,68, , , , , 
14/08/2018,69, , , , , 
13/08/2018,26, , , , , 
12/08/2018,32, , , , , 
11/08/2018,29, , , , , 
10/08/2018,34, , , , , 
09/08/2018,33, , , , , 
08/08/2018,34, , , , , 
07/08/2018,43, , , , , 
06/08/2018,57, , , , , 
05/08/2018,50, , , , , 
04/08/2018,64, , , , , 
03/08/2018,63, , , , , 
02/08/2018,66, , , , , 
01/08/2018,59, , , , , 
31/07/2018,52, , , , , 
30/07/2018,66, , , , , 
29/07/2018,58, , , , , 
28/07/2018,63, , , , , 
27/07/2018,69, , , , , 
26/07/2018,62, , , , , 
25/07/2018,54, , , , , 
24/07/2018,63, , , , , 
23/07/2018,58, , , , , 
22/07/2018,61, , , , , 
21/07/2018,65, , , , , 
20/07/2018,56, , , , , 
19/07/2018,57, , , , , 
18/07/2018,47, , , , , 
17/07/2018,46, , , , , 
16/07/2018,32, , , , , 
15/07/2018,41, , , , , 
14/07/2018,41, , , , , 
13/07/2018,42, , , , , 
12/07/2018,55, , , , , 
11/07/2018,50, , , , , 
10/07/2018,43, , , , , 
09/07/2018,45, , , , , 
08/07/2018,52, , , , , 
07/07/2018,53, , , , , 
06/07/2018,47, , , , , 
05/07/2018,51, , , , , 
04/07/2018,64, , , , , 
03/07/2018,64, , , , , 
02/07/2018,44, , , , , 
01/07/2018,62, , , , , 
30/06/2018,63, , , , , 
29/06/2018,64, , , , , 
28/06/2018,59, , , , , 
27/06/2018,82, , , , , 
26/06/2018,66, , , , , 
25/06/2018,55, , , , , 
24/06/2018,66, , , , , 
23/06/2018,57, , , , , 
22/06/2018,44, , , , , 
21/06/2018,53, , , , , 
20/06/2018,44, , , , , 
19/06/2018,34, , , , , 
18/06/2018,34, , , , , 
16/06/2018,65, , , , , 
15/06/2018,62, , , , , 
14/06/2018,69, , , , , 
13/06/2018,67, , , , , 
12/06/2018,61, , , , , 
11/06/2018,56, , , , , 
10/06/2018,66, , , , , 
09/06/2018,53, , , , , 
08/06/2018,62, , , , , 
07/06/2018,59, , , , , 
06/06/2018,61, , , , , 
05/06/2018,62, , , , , 
04/06/2018,47, , , , , 
03/06/2018,55, , , , , 
02/06/2018,71, , , , , 
01/06/2018,75, , , , , 
31/05/2018,76, , , , , 
30/05/2018,64, , , , , 
29/05/2018,66, , , , , 
28/05/2018,58, , , , , 
27/05/2018,54, , , , , 
26/05/2018,61, , , , , 
25/05/2018,64, , , , , 
24/05/2018,55, , , , , 
23/05/2018,70, , , , , 
22/05/2018,45, , , , , 
21/05/2018,60, , , , , 
20/05/2018,66, , , , , 
19/05/2018,57, , , , , 
18/05/2018,62, , , , , 
17/05/2018,63, , , , , 
16/05/2018,67, , , , , 
15/05/2018,54, , , , , 
14/05/2018,46, , , , , 
13/05/2018,68, , , , , 
12/05/2018,76, , , , , 
11/05/2018,76, , , , , 
10/05/2018,57, , , , , 
09/05/2018,56, , , , , 
08/05/2018,44, , , , , 
07/05/2018,57, , , , , 
06/05/2018,54, , , , , 
05/05/2018,57, , , , , 
04/05/2018,63, , , , , 
03/05/2018,61, , , , , 
02/05/2018,58, , , , , 
01/05/2018,54, , , , , 
30/04/2018,61, , , , , 
29/04/2018,47, , , , , 
28/04/2018,81, , , , , 
27/04/2018,76, , , , , 
26/04/2018,64, , , , , 
25/04/2018,75, , , , , 
24/04/2018,59, , , , , 
23/04/2018,51, , , , , 
22/04/2018,54, , , , , 
21/04/2018,47, , , , , 
20/04/2018,52, , , , , 
19/04/2018,62, , , , , 
18/04/2018,56, , , , , 
17/04/2018,62, , , , , 
16/04/2018,51, , , , , 
15/04/2018,70, , , , , 
14/04/2018,67, , , , , 
13/04/2018,63, , , , , 
12/04/2018,74, , , , , 
11/04/2018,49, , , , , 
10/04/2018,61, , , , , 
09/04/2018,50, , , , , 
08/04/2018,61, , , , , 
07/04/2018,50, , , , , 
06/04/2018,51, , , , , 
05/04/2018,49, , , , , 
04/04/2018,66, , , , , 
03/04/2018,40, , , , , 
02/04/2018,36, , , , , 
01/04/2018,30, , , , , 
31/03/2018,52, , , , , 
30/03/2018,59, , , , , 
29/03/2018,61, , , , , 
28/03/2018,74, , , , , 
27/03/2018,71, , , , , 
26/03/2018,54, , , , , 
25/03/2018,64, , , , , 
24/03/2018,85, , , , , 
23/03/2018,66, , , , , 
22/03/2018,69, , , , , 
21/03/2018,78, , , , , 
20/03/2018,59, , , , , 
19/03/2018,53, , , , , 
18/03/2018,69, , , , , 
17/03/2018,70, , , , , 
16/03/2018,96, , , , , 
15/03/2018,83, , , , , 
14/03/2018,74, , , , , 
13/03/2018,57, , , , , 
12/03/2018,42, , , , , 
11/03/2018,50, , , , , 
10/03/2018,55, , , , , 
09/03/2018,55, , , , , 
08/03/2018,64, , , , , 
07/03/2018,72, , , , , 
06/03/2018,56, , , , , 
05/03/2018,48, , , , , 
04/03/2018,50, , , , , 
03/03/2018,64, , , , , 
02/03/2018,61, , , , , 
01/03/2018,48, , , , , 
28/02/2018,50, , , , , 
27/02/2018,52, , , , , 
26/02/2018,39, , , , , 
25/02/2018,34, , , , , 
24/02/2018,38, , , , , 
23/02/2018,42, , , , , 
22/02/2018,46, , , , , 
21/02/2018,43, , , , , 
20/02/2018,40, , , , , 
19/02/2018,50, , , , , 
18/02/2018,60, , , , , 
17/02/2018,58, , , , , 
16/02/2018,51, , , , , 
15/02/2018,69, , , , , 
14/02/2018,71, , , , , 
13/02/2018,80, , , , , 
12/02/2018,66, , , , , 
11/02/2018,50, , , , , 
10/02/2018,52, , , , , 
09/02/2018,45, , , , , 
08/02/2018,43, , , , , 
07/02/2018,45, , , , , 
06/02/2018,23, , , , , 
03/02/2018,77, , , , , 
02/02/2018,76, , , , , 
01/02/2018,78, , , , , 
31/01/2018,87, , , , , 
30/01/2018,66, , , , , 
29/01/2018,53, , , , , 
28/01/2018,53, , , , , 
27/01/2018,68, , , , , 
26/01/2018,57, , , , , 
25/01/2018,58, , , , , 
24/01/2018,61, , , , , 
23/01/2018,47, , , , , 
21/01/2018,48, , , , , 
20/01/2018,58, , , , , 
19/01/2018,54, , , , , 
18/01/2018,43, , , , , 
17/01/2018,63, , , , , 
16/01/2018,49, , , , , 
15/01/2018,32, , , , , 
14/01/2018,61, , , , , 
13/01/2018,84, , , , , 
12/01/2018,76, , , , , 
11/01/2018,80, , , , , 
10/01/2018,83, , , , , 
09/01/2018,72, , , , , 
08/01/2018,44, , , , , 
07/01/2018,74, , , , , 
06/01/2018,78, , , , , 
05/01/2018,75, , , , , 
04/01/2018,85, , , , , 
03/01/2018,79, , , , , 
02/01/2018,66, , , , , 
01/01/2018,49, , , , , 
30/12/2017,54, , , , , 
29/12/2017,55, , , , , 
28/12/2017,52, , , , , 
27/12/2017,42, , , , , 
26/12/2017,32, , , , , 
25/12/2017,46, , , , , 
24/12/2017,61, , , , , 
23/12/2017,60, , , , , 
22/12/2017,66, , , , , 
21/12/2017,67, , , , , 
20/12/2017,78, , , , , 
19/12/2017,77, , , , , 
18/12/2017,71, , , , , 
17/12/2017,79, , , , , 
16/12/2017,79, , , , , 
15/12/2017,78, , , , , 
14/12/2017,62, , , , , 
13/12/2017,52, , , , , 
12/12/2017,44, , , , , 
11/12/2017,44, , , , , 
10/12/2017,58, , , , , 
09/12/2017,69, , , , , 
08/12/2017,76, , , , , 
07/12/2017,72, , , , , 
06/12/2017,54, , , , , 
28/11/2017,77, , , , , 
27/11/2017,61, , , , , 
26/11/2017,77, , , , , 
25/11/2017,79, , , , , 
24/11/2017,79, , , , , 
22/11/2017,91, , , , , 
21/11/2017,69, , , , , 
20/11/2017,41, , , , , 
19/11/2017,64, , , , , 
18/11/2017,70, , , , , 
17/11/2017,71, , , , , 
14/11/2017,80, , , , , 
13/11/2017,75, , , , , 
12/11/2017,80, , , , , 
11/11/2017,81, , , , , 
10/11/2017,92, , , , , 
09/11/2017,95, , , , , 
08/11/2017,78, , , , , 
07/11/2017,60, , , , , 
02/11/2017,72, , , , , 
01/11/2017,76, , , , , 
31/10/2017,59, , , , , 
30/10/2017,39, , , , , 
29/10/2017,48, , , , , 
28/10/2017,79, , , , , 
27/10/2017,75, , , , , 
26/10/2017,70, , , , , 
25/10/2017,71, , , , , 
24/10/2017,65, , , , , 
23/10/2017,75, , , , , 
22/10/2017,77, , , , , 
21/10/2017,70, , , , , 
20/10/2017,68, , , , , 
19/10/2017,43, , , , , 
18/10/2017,50, , , , , 
17/10/2017,42, , , , , 
16/10/2017,51, , , , , 
15/10/2017,68, , , , , 
14/10/2017,69, , , , , 
13/10/2017,69, , , , , 
12/10/2017,76, , , , , 
11/10/2017,69, , , , , 
10/10/2017,61, , , , , 
09/10/2017,67, , , , , 
08/10/2017,68, , , , , 
07/10/2017,65, , , , , 
06/10/2017,49, , , , , 
05/10/2017,51, , , , , 
04/10/2017,57, , , , , 
03/10/2017,83, , , , , 
02/10/2017,65, , , , , 
01/10/2017,70, , , , , 
30/09/2017,87, , , , , 
29/09/2017,92, , , , , 
28/09/2017,80, , , , , 
27/09/2017,76, , , , , 
26/09/2017,78, , , , , 
25/09/2017,67, , , , , 
24/09/2017,78, , , , , 
23/09/2017,95, , , , , 
22/09/2017,103, , , , , 
21/09/2017,97, , , , , 
20/09/2017,91, , , , , 
19/09/2017,59, , , , , 
18/09/2017,49, , , , , 
17/09/2017,60, , , , , 
16/09/2017,69, , , , , 
15/09/2017,71, , , , , 
13/09/2017,67, , , , , 
12/09/2017,58, , , , , 
11/09/2017,52, , , , , 
06/09/2017,55, , , , , 
05/09/2017,47, , , , , 
04/09/2017,28, , , , , 
03/09/2017,49, , , , , 
02/09/2017,49, , , , , 
01/09/2017,41, , , , , 
31/08/2017,46, , , , , 
30/08/2017,67, , , , , 
29/08/2017,65, , , , , 
28/08/2017,53, , , , , 
27/08/2017,58, , , , , 
26/08/2017,54, , , , , 
25/08/2017,75, , , , , 
24/08/2017,64, , , , , 
23/08/2017,38, , , , , 
22/08/2017,59, , , , , 
21/08/2017,61, , , , , 
20/08/2017,56, , , , , 
19/08/2017,66, , , , , 
18/08/2017,72, , , , , 
17/08/2017,69, , , , , 
16/08/2017,61, , , , , 
15/08/2017,50, , , , , 
14/08/2017,63, , , , , 
13/08/2017,84, , , , , 
12/08/2017,76, , , , , 
11/08/2017,62, , , , , 
10/08/2017,56, , , , , 
09/08/2017,53, , , , , 
08/08/2017,51, , , , , 
07/08/2017,43, , , , , 
06/08/2017,55, , , , , 
05/08/2017,59, , , , , 
04/08/2017,59, , , , , 
03/08/2017,77, , , , , 
02/08/2017,64, , , , , 
01/08/2017,48, , , , , 
31/07/2017,42, , , , , 
30/07/2017,59, , , , , 
29/07/2017,57, , , , , 
28/07/2017,42, , , , , 
27/07/2017,36, , , , , 
26/07/2017,36, , , , , 
25/07/2017,47, , , , , 
24/07/2017,36, , , , , 
23/07/2017,44, , , , , 
22/07/2017,61, , , , , 
21/07/2017,61, , , , , 
20/07/2017,54, , , , , 
19/07/2017,47, , , , , 
18/07/2017,59, , , , , 
17/07/2017,79, , , , , 
16/07/2017,80, , , , , 
15/07/2017,68, , , , , 
14/07/2017,63, , , , , 
13/07/2017,37, , , , , 
12/07/2017,49, , , , , 
11/07/2017,47, , , , , 
10/07/2017,33, , , , , 
09/07/2017,43, , , , , 
08/07/2017,43, , , , , 
07/07/2017,45, , , , , 
06/07/2017,62, , , , , 
05/07/2017,58, , , , , 
04/07/2017,53, , , , , 
03/07/2017,37, , , , , 
02/07/2017,41, , , , , 
01/07/2017,59, , , , , 
30/06/2017,77, , , , , 
29/06/2017,81, , , , , 
28/06/2017,66, , , , , 
27/06/2017,66, , , , , 
26/06/2017,59, , , , , 
25/06/2017,76, , , , , 
24/06/2017,87, , , , , 
23/06/2017,80, , , , , 
22/06/2017,77, , , , , 
21/06/2017,63, , , , , 
20/06/2017,49, , , , , 
19/06/2017,62, , , , , 
18/06/2017,62, , , , , 
17/06/2017,60, , , , , 
16/06/2017,56, , , , , 
15/06/2017,71, , , , , 
14/06/2017,65, , , , , 
13/06/2017,43, , , , , 
12/06/2017,41, , , , , 
11/06/2017,75, , , , , 
10/06/2017,65, , , , , 
09/06/2017,48, , , , , 
08/06/2017,67, , , , , 
07/06/2017,45, , , , , 
06/06/2017,45, , , , , 
05/06/2017,35, , , , , 
04/06/2017,48, , , , , 
03/06/2017,60, , , , , 
02/06/2017,72, , , , , 
01/06/2017,66, , , , , 
31/05/2017,58, , , , , 
30/05/2017,61, , , , , 
29/05/2017,40, , , , , 
28/05/2017,60, , , , , 
27/05/2017,54, , , , , 
26/05/2017,49, , , , , 
25/05/2017,54, , , , , 
24/05/2017,74, , , , , 
23/05/2017,52, , , , , 
22/05/2017,45, , , , , 
21/05/2017,69, , , , , 
20/05/2017,69, , , , , 
19/05/2017,71, , , , , 
18/05/2017,65, , , , , 
17/05/2017,68, , , , , 
16/05/2017,75, , , , , 
15/05/2017,68, , , , , 
14/05/2017,52, , , , , 
13/05/2017,40, , , , , 
12/05/2017,41, , , , , 
11/05/2017,45, , , , , 
10/05/2017,47, , , , , 
09/05/2017,43, , , , , 
08/05/2017,33, , , , , 
07/05/2017,49, , , , , 
06/05/2017,58, , , , , 
05/05/2017,46, , , , , 
04/05/2017,59, , , , , 
03/05/2017,56, , , , , 
02/05/2017,42, , , , , 
01/05/2017,41, , , , , 
30/04/2017,50, , , , , 
29/04/2017,56, , , , , 
28/04/2017,66, , , , , 
27/04/2017,50, , , , , 
26/04/2017,66, , , , , 
25/04/2017,73, , , , , 
24/04/2017,71, , , , , 
23/04/2017,71, , , , , 
22/04/2017,57, , , , , 
21/04/2017,46, , , , , 
20/04/2017,62, , , , , 
19/04/2017,57, , , , , 
18/04/2017,58, , , , , 
17/04/2017,39, , , , , 
16/04/2017,45, , , , , 
15/04/2017,60, , , , , 
14/04/2017,56, , , , , 
13/04/2017,79, , , , , 
12/04/2017,68, , , , , 
11/04/2017,67, , , , , 
10/04/2017,35, , , , , 
09/04/2017,48, , , , , 
08/04/2017,80, , , , , 
07/04/2017,70, , , , , 
06/04/2017,79, , , , , 
05/04/2017,80, , , , , 
02/04/2017,64, , , , , 
01/04/2017,56, , , , , 
31/03/2017,48, , , , , 
30/03/2017,61, , , , , 
29/03/2017,64, , , , , 
28/03/2017,69, , , , , 
27/03/2017,48, , , , , 
26/03/2017,57, , , , , 
23/03/2017,66, , , , , 
22/03/2017,71, , , , , 
21/03/2017,52, , , , , 
18/03/2017,76, , , , , 
17/03/2017,75, , , , , 
16/03/2017,51, , , , , 
15/03/2017,51, , , , , 
14/03/2017,59, , , , , 
13/03/2017,36, , , , , 
12/03/2017,72, , , , , 
11/03/2017,63, , , , , 
10/03/2017,73, , , , , 
09/03/2017,52, , , , , 
08/03/2017,45, , , , , 
07/03/2017,63, , , , , 
06/03/2017,61, , , , , 
05/03/2017,69, , , , , 
04/03/2017,47, , , , , 
03/03/2017,63, , , , , 
02/03/2017,57, , , , , 
01/03/2017,38, , , , , 
28/02/2017,63, , , , , 
27/02/2017,56, , , , , 
26/02/2017,49, , , , , 
25/02/2017,52, , , , , 
24/02/2017,74, , , , , 
23/02/2017,45, , , , , 
22/02/2017,52, , , , , 
21/02/2017,50, , , , , 
20/02/2017,50, , , , , 
19/02/2017,62, , , , , 
18/02/2017,51, , , , , 
17/02/2017,60, , , , , 
16/02/2017,76, , , , , 
15/02/2017,58, , , , , 
14/02/2017,34, , , , , 
13/02/2017,25, , , , , 
12/02/2017,47, , , , , 
11/02/2017,88, , , , , 
10/02/2017,72, , , , , 
09/02/2017,28, , , , , 
08/02/2017,65, , , , , 
07/02/2017,60, , , , , 
06/02/2017,45, , , , , 
05/02/2017,57, , , , , 
04/02/2017,61, , , , , 
03/02/2017,69, , , , , 
02/02/2017,67, , , , , 
01/02/2017,58, , , , , 
31/01/2017,57, , , , , 
30/01/2017,53, , , , , 
29/01/2017,52, , , , , 
28/01/2017,70, , , , , 
27/01/2017,89, , , , , 
26/01/2017,86, , , , , 
25/01/2017,86, , , , , 
24/01/2017,71, , , , , 
23/01/2017,35, , , , , 
22/01/2017,41, , , , , 
21/01/2017,52, , , , , 
20/01/2017,68, , , , , 
19/01/2017,58, , , , , 
18/01/2017,57, , , , , 
17/01/2017,55, , , , , 
16/01/2017,37, , , , , 
15/01/2017,45, , , , , 
14/01/2017,78, , , , , 
13/01/2017,70, , , , , 
12/01/2017,64, , , , , 
11/01/2017,44, , , , , 
10/01/2017,41, , , , , 
09/01/2017,45, , , , , 
08/01/2017,61, , , , , 
07/01/2017,62, , , , , 
06/01/2017,55, , , , , 
05/01/2017,55, , , , , 
04/01/2017,61, , , , , 
03/01/2017,43, , , , , 
02/01/2017,67, , , , , 
01/01/2017,62, , , , , 
31/12/2016,58, , , , , 
30/12/2016,79, , , , , 
29/12/2016,73, , , , , 
28/12/2016,66, , , , , 
27/12/2016,51, , , , , 
26/12/2016,60, , , , , 
25/12/2016,84, , , , , 
24/12/2016,86, , , , , 
23/12/2016,82, , , , , 
22/12/2016,68, , , , , 
21/12/2016,56, , , , , 
20/12/2016,74, , , , , 
19/12/2016,66, , , , , 
18/12/2016,78, , , , , 
17/12/2016,70, , , , , 
16/12/2016,65, , , , , 
15/12/2016,76, , , , , 
14/12/2016,81, , , , , 
13/12/2016,76, , , , , 
12/12/2016,67, , , , , 
11/12/2016,60, , , , , 
10/12/2016,64, , , , , 
09/12/2016,72, , , , , 
08/12/2016,63, , , , , 
07/12/2016,39, , , , , 
06/12/2016,57, , , , , 
05/12/2016,54, , , , , 
04/12/2016,60, , , , , 
03/12/2016,73, , , , , 
02/12/2016,90, , , , , 
01/12/2016,62, , , , , 
30/11/2016,74, , , , , 
29/11/2016,94, , , , , 
08/11/2016,57, , , , , 
07/11/2016,55, , , ,1,7
06/11/2016,46, , , , ,7
05/11/2016,72, , , , ,6
04/11/2016,70, , , ,2,7
03/11/2016,67, , , ,1,6
02/11/2016,86, , , ,1,7
01/11/2016,88, , , ,1,8
31/10/2016,73, , , ,1,8
30/10/2016,77, , , ,1,6
29/10/2016,104, , , ,2,7
28/10/2016,82, , , ,3,10
27/10/2016,66, , , ,1,6
26/10/2016,56, , , ,1,6
25/10/2016,64, , , , ,5
24/10/2016,57, , , ,1,6
23/10/2016,67, , , , ,5
22/10/2016,68, , , ,2,6
21/10/2016,72, , , ,2,7
20/10/2016,66, , , ,2,6
19/10/2016,78, , , ,1,5
18/10/2016,72, , , ,2,6
17/10/2016,63, , , ,2,6
16/10/2016,66, , , , ,7
15/10/2016,80, , , ,1,9
14/10/2016,66, , , ,2,11
13/10/2016,70, , , ,1,10
12/10/2016,60, , , ,1,7
11/10/2016,62, , , ,1,6
10/10/2016,64, , , ,1,6
09/10/2016,59, , , , ,6
08/10/2016, , , , ,1,6
16/08/2016, ,65, , , , 
15/08/2016, ,52, , , , 
14/08/2016, ,33, , , , 
13/08/2016, ,60, , , , 
12/08/2016, ,51, , , , 
11/08/2016, ,44, , , , 
10/08/2016, ,54, , , , 
09/08/2016,44,58, , , , 
08/08/2016,49,44,17,22,5,7
07/08/2016,62,52,39,18,3,5
06/08/2016,53,58,47,23,6,6
05/08/2016, ,49,41,19,4,4
31/07/2016,58, , , , , 
30/07/2016,61,48,38,24,5,12
29/07/2016,62,45,35,22,5,7
28/07/2016,48,46,41,19,4,6
27/07/2016,47,61,32,24,7,7
26/07/2016,56,58,37,23,7,6
25/07/2016,58,47,30,21,5,6
24/07/2016,64,49,38,17,4,5
23/07/2016,67,58,37,22,6,6
22/07/2016,64,45,32,25,8,8
21/07/2016,55,41,30,25,8,7
20/07/2016,59,41,36,23,6,4
19/07/2016,55,44,38,22,8,5
18/07/2016,45,40,39,22,5,5
17/07/2016,69,37,41,18,4,4
16/07/2016,65,57,52,30,10,7
15/07/2016,84,43,46,25,7,5
14/07/2016,66,45,34,26,9,7
13/07/2016,53,51,34,22,7,6
12/07/2016,56,44,40,22,7,4
11/07/2016,38,52,37,20,5,7
10/07/2016,34,41,41,15,2,6
09/07/2016,40,46,40,12,2,5
08/07/2016,49,52,39,18,5,6
07/07/2016,70,55,26,16,5,6
06/07/2016,77,46,31,19,8,10
05/07/2016,54,42,29,21,7,11
04/07/2016,57,40,32,16,4,8
03/07/2016,53,37,37,17,4,9
02/07/2016,46,38,32,18,5,8
01/07/2016,50,43,28,21,5,8
30/06/2016,39,43,29,20,5,8
29/06/2016,39,38,29,17,4,7
28/06/2016,30,42,32,15,4,6
27/06/2016,40,31,35,12,3,5
26/06/2016,68,35,32,14,4,6
25/06/2016,62,38,37,23,6,8
24/06/2016,48,28,23,20,5,7
23/06/2016,57,38,30,17,5,8
22/06/2016,50,49,33,22,9,8
21/06/2016,63,37,32,20,6,7
20/06/2016,53,41,24,20,4,7
19/06/2016,59,37,31,16,4,8
18/06/2016,55,45,31,19,6,8
17/06/2016,44,37,30,21,7,7
16/06/2016,35,37,27,19,6,7
15/06/2016,61,33,30,14,3,6
14/06/2016,48,45,31,18,6,8
13/06/2016,38,28,27,13,3,6
12/06/2016,38,27,31,13,3,5
11/06/2016,70,32,30,16,3,6
10/06/2016,59,44,33,22,7,9
09/06/2016,59,45,38,22,8,8
08/06/2016,67,36,26,24,9,8
07/06/2016,66,42,35,23,9,21
06/06/2016,58,28,29,24,8,10
05/06/2016,73,34,44,18,8,9
04/06/2016,63,38,37,26,11,14
03/06/2016,62,29,24,27,8,9
02/06/2016,70,29,24,17,6,7
01/06/2016,84,44,34,21,8,10
31/05/2016,73,36,35,27,10,10
30/05/2016,43,36,27,22,7,8
29/05/2016,66,29,24,13,4,5
28/05/2016,58,38,40,18,6,6
27/05/2016,72,43,36,16,6,6
26/05/2016,72,42,40,19,8,7
25/05/2016,62,36,25,18,9,8
24/05/2016,40,47,6,20,9,11
23/05/2016,37,44,28,14,4,7
22/05/2016,49,39,26,12,5,7
21/05/2016,62,45,30,16,6,9
20/05/2016,68,47,29,18,8,10
19/05/2016,62,56,32,19,10,9
18/05/2016,50,40,29,18,6,7
17/05/2016,42,32,27,16,5,5
16/05/2016,30,39,28,14,5,5
15/05/2016,42,33,28,11,3,4
14/05/2016,40,34,24,16,7,6
13/05/2016,56,31,26,15,6,5
12/05/2016,76,37,31,17,7,8
11/05/2016,65,36,35,22,7,11
10/05/2016,66,31,26,21,5,9
09/05/2016,58,32,30,15,4,7
08/05/2016,44,35,33,14,4,8
07/05/2016,61,13,30,17,4,8
06/05/2016,65,36,36,15,5,7
05/05/2016,66,40,33,17,6,7
04/05/2016,55,38,34,18,6,8
03/05/2016,58,26,33,18,5,7
02/05/2016,47,29,33,19,5,8
01/05/2016,55,27,29,19,4,9
30/04/2016,79,27,24,19,5,8
29/04/2016,53,35,36,27,8,11
28/04/2016,57,21,30,23,3,7
27/04/2016,67,35,39,16,3,5
26/04/2016,58,42,48,21,4,6
25/04/2016,33,30,35,17,3,6
24/04/2016,51,27,29,9,1,4
23/04/2016,56,40,34,15,4,6
22/04/2016,67,44,31,17,5,7
21/04/2016,59,49,35,18,6,7
20/04/2016,68,44,35,16,4,6
19/04/2016,43,48,35,21,8,7
18/04/2016,48,36,20,15,5,8
17/04/2016,74,34,29,15,4,9
16/04/2016,87,41,40,25,7,14
15/04/2016,66,44,40,26,9,13
14/04/2016,56,44,39,23,6,8
13/04/2016,46,21,31,22,6,7
12/04/2016,38,20,20,19,4,6
11/04/2016,47,17,24,14,3,6
10/04/2016,58,37,32,13,3,6
09/04/2016,59,37,33,17,5,8
08/04/2016,57,36,32,17,5,8
07/04/2016,75,28,42,18,6,8
06/04/2016,46,52,38,23,9,9
05/04/2016,71,16,13,25,5,13
04/04/2016,43,33,31,27,5,14
03/04/2016,45,25,39,25,4,13
02/04/2016,58,20,30,21,4,12
01/04/2016,76,29,23,20,4,10
31/03/2016,57,50,40,28,6,9
30/03/2016,89,42,35,25,4,10
29/03/2016,67,42,52,24,8,11
28/03/2016,61,40,38,19,3,10
27/03/2016,41,51,40,10,3,8
26/03/2016,52,31,6,12,3,7
25/03/2016,62,50,44,13,4,8
24/03/2016,63,50,44,17,6,8
23/03/2016,62,48,38,18,5,8
22/03/2016,62,48,30,16,5,8
21/03/2016,37,49,22,15,4,9
20/03/2016,45,32,25,10,2,7
19/03/2016,58,42,23,12,2,7
18/03/2016,54,37,23,13,3,10
17/03/2016,74, ,15,15,2,10
16/03/2016,68,43,30,16,2,8
15/03/2016,77, ,33,19,2,9
14/03/2016,49, ,27,23,3,10
13/03/2016,47, ,26,15,1,7
12/03/2016,55, ,25,19,1,7
11/03/2016,70, ,35,18,2,8
10/03/2016,64, ,34,17,2,7
09/03/2016,59, ,27,15,2,6
08/03/2016,48, ,29,15,2,8
07/03/2016,34, ,19,18,2,8
06/03/2016,47, ,26,9, ,5
05/03/2016,45, ,22,11,1,6
04/03/2016,56, ,19,12,1,6
03/03/2016,57, ,22,14,2,7
02/03/2016,59, ,31,13,2,7
01/03/2016,48, ,21,14,2,6
29/02/2016,54, ,26,10,1,5
28/02/2016,65, ,27,13,2,6
27/02/2016,57, ,30,16,3,7
26/02/2016,64, ,24,13,1,6
25/02/2016,71, ,28,15,2,7
24/02/2016,59, ,24,18,2,7
23/02/2016,51, ,32,15,2,6
22/02/2016,45, ,27,13,1,6
21/02/2016,63, ,28,8, ,5
20/02/2016,71, ,32,14,1,6
19/02/2016,56, ,31,16,2,7
18/02/2016,51, ,30,16,2,6
17/02/2016,45, ,23,16,3,6
16/02/2016,53, ,27,12,2,6
15/02/2016,52, ,28,14,2,6
14/02/2016,59, ,26,15,2,7
13/02/2016,53, ,31,17,3,7
12/02/2016,49, ,32,16,4,6
11/02/2016,46, ,25,14,4,6
10/02/2016,42, ,26,13,4,5
09/02/2016,46, ,22,12,2,5
08/02/2016,46, ,29,12,2,5
07/02/2016,71, ,33,13,2,5
06/02/2016,65, ,43,19,3,7
05/02/2016,76, ,35,16,2,6
04/02/2016,93, ,29,16,4,7
03/02/2016,87, ,33,18,4,8
02/02/2016,80, ,45,19,8,6
01/02/2016,63, ,39,20,3,8
31/01/2016,70, ,30,20,4,7
30/01/2016,94, ,26,18,3,5
29/01/2016,82, ,29,20,7,7
28/01/2016,85, ,34,20,5,6
27/01/2016,83, ,40,20,5,6
26/01/2016,48, ,35,20,4,8
25/01/2016,49, ,19,15,1,6
24/01/2016,58, ,30,13,2,5
23/01/2016,74, ,35,15,2,5
22/01/2016,76, ,31,17,4,6
21/01/2016,63, ,26,17,3,5
20/01/2016,67, ,24,13,2,5
19/01/2016,70, ,30,12,3,5
18/01/2016,55, ,27,11,3,5
17/01/2016,71, ,32,9,1,4
16/01/2016,73, ,33,15,3,6
15/01/2016,42, ,34,17,4,5
14/01/2016,40, ,25,12,1,4
13/01/2016,42, ,12,11, ,4
12/01/2016,40, ,20,11,1,4
11/01/2016,25, ,23,12,1,4
10/01/2016,54, ,21,7, ,3
09/01/2016,50, ,30,16,4,4
08/01/2016,49, ,24,18,1,5
07/01/2016, , ,4,24,1,5
24/11/2015,88, , , , , 
23/11/2015,74,45,23,24,4,9
22/11/2015,57,36,33,20,4,8
21/11/2015,48,27,24,21,2,8
20/11/2015,52,30,30,15,1,6
19/11/2015,69,27,29,14,1,7
18/11/2015,81,32,29,24,5,9
17/11/2015,70,37,25,30,9,8
16/11/2015,54,37,31,22,3,8
15/11/2015,50,28,26,17,4,7
14/11/2015,66,45,34,20,3,8
13/11/2015,78,45,39,22,2,8
12/11/2015,67,47,41,23,3,9
11/11/2015,71,47,37,24,5,8
10/11/2015, ,44,32,22,4,8
05/11/2015,89, , , , , 
04/11/2015,82,41,33,27,4,7
03/11/2015,79,37,36,19,2,6
02/11/2015,50,36,32,14,1,5
01/11/2015,57,21,33,13, ,5
31/10/2015,87,31,36,20,1,6
30/10/2015,68,48,41,28,5,8
29/10/2015,66,35,39,21,2,8
28/10/2015,81,53,45,20,4,7
27/10/2015,72,44,47,26,4,10
26/10/2015,42,42,45,24,2,9
25/10/2015,57,21,39,16,1,8
24/10/2015,84,35,41,16,1,7
23/10/2015,68,50,46,26,2,8
22/10/2015,65,50,45,20,2,7
21/10/2015,61,47,37,20,2,8
20/10/2015,50,53,39,22,2,11
19/10/2015,59,34,44,19,1,10
18/10/2015,64,37,38,21, ,9
17/10/2015,64,39,35,26,2,11
16/10/2015,71,31,20,28,2,10
15/10/2015,61,33,19,28,3,8
14/10/2015,59,24,29,19,1,5
13/10/2015,63,40,34,16,1,3
12/10/2015,66,47,35,17,1,6
11/10/2015,66,43,35,18, ,7
10/10/2015,72,36,40,20, ,7
09/10/2015,66,63,45,23,1,8
08/10/2015,60,75,53,22,2,7
07/10/2015,59,57,44,22,2,6
06/10/2015,50,53,41,22,1,7
05/10/2015,50,53,45,19,1,6
04/10/2015,91,51,38,17,1,5
03/10/2015,125,59,38,28,6,9
02/10/2015,93,67,38,29,4,8
01/10/2015,99,56,33,24,1,5
30/09/2015,84,68,47,28,3,6
29/09/2015,74,68,56,22,3,5
28/09/2015,55,58,51,18,1,5
27/09/2015,61,45,39,16,1,5
26/09/2015,63,64,39,20,2,6
25/09/2015,64,60,42,25,2,7
24/09/2015,70,61,42,23,4,6
23/09/2015,71,71,34,21,6,5
22/09/2015,76,57,42,23,2,6
21/09/2015,64,62,44,26,1,6
20/09/2015,112,57,47,18,1,4
19/09/2015,109,53,14,42,4,14
18/09/2015,96,59,41,28,1,7
17/09/2015,72,71,50,23,3,7
16/09/2015,68,63,50,22,3,7
15/09/2015,59,66,85,22,3,6
14/09/2015,47,62,113,16,2,5
13/09/2015,59,74,99,10,2,3
12/09/2015,75,66,72,25,3,5
11/09/2015,72,58,72,28,4,5
10/09/2015,70,60,63,24,5,6
09/09/2015,74,59,43,17,5,5
08/09/2015,64,80,49,15,7,4
07/09/2015,64,46,39,17,3,5
06/09/2015,63,50,20,20,4,6
05/09/2015,70,53,47,23,4,6
04/09/2015,52,58,49,24,6,6
03/09/2015,46,54,45,20,3,6
02/09/2015,48,54,39,19,2,6
01/09/2015,41,48,37,16,2,5
31/08/2015,29,52,36,16,2,5
30/08/2015,39,58,39,11,2,4
29/08/2015,45,50,36,13,2,4
28/08/2015,80,49,33,18,4,5
27/08/2015,67,67,43,23,4,6
26/08/2015,68,51,42,20,5,6
25/08/2015,55,44,31,23,3,6
24/08/2015,74,51,32,19,3,5
23/08/2015,70,53,41,17,4,5
22/08/2015,49,66,47,23,5,6
21/08/2015,41,65,42,15,3,4
20/08/2015,43,52,37,13,3,4
19/08/2015,53,55,44,18,4,5
18/08/2015,40,56,54,18,4,4
17/08/2015,37,52,39,15,3,4
16/08/2015,60,35,30,16,3,5
15/08/2015,77,43,31,17,4,6
14/08/2015,58,47,25,19,6,5
13/08/2015,58,57,41,17,6,5
12/08/2015,64,55,35,18,8,5
11/08/2015,67,58,36,17,5,5
10/08/2015,64,43,37,14,4,5
09/08/2015,64,33,33,11,2,4
08/08/2015,52,54,37,19,3,6
07/08/2015,35,54,33,19,3,6
06/08/2015,32,51,45,13,2,4
05/08/2015,30,50,36,11,1,4
04/08/2015,33,43,31,10,1,3
03/08/2015,33,38,35,10,1,3
02/08/2015,58,36,32,11, ,3
01/08/2015,51,51,30,18,2,5
31/07/2015,48,43,30,21,2,5
30/07/2015,47,41,26,19,2,4
29/07/2015,50,40,26,15,2,3
28/07/2015,40,40,23,14,3,3
27/07/2015,33,35,21,14,1,3
26/07/2015,28,30,34,10, ,2
25/07/2015,28,35,28,12,1,3
24/07/2015,55,31,29,15,1,2
23/07/2015,51,30,15,18,5,3
22/07/2015,60,23,14,17,3,4
21/07/2015,61,40,26,16,2,3
20/07/2015,62,37,28,17,2,3
19/07/2015,50,42,33,17,2,4
18/07/2015,41,36,31,18,2,4
17/07/2015,54,50,35,17,1,3
16/07/2015,62,39,28,15,3,3
15/07/2015,64,48,28,19,8,5
14/07/2015,59,45,25,22,5,5
13/07/2015,46,40,33,15,2,6
12/07/2015,50,30,27,11,1,5
11/07/2015,49,39,24,15,1,7
10/07/2015,52,46,22,16,3,8
09/07/2015,50,45,29,15,3,5
08/07/2015,35,35,28,14,2,5
07/07/2015,52,19,28,10, ,4
06/07/2015,39,36,31,14, ,4
05/07/2015,46,40,32,12, ,4
04/07/2015,48,43,30,17,1,5
03/07/2015,33,65,35,16,2,5
02/07/2015,42,53,24,13,2,4
01/07/2015,51,63,29,14,2,4
30/06/2015,43, ,29,17,3,7
29/06/2015,27, ,26,17,1,7
28/06/2015,31, ,32,10,1,4
27/06/2015,30, ,32,9,1,4
26/06/2015,25, ,26,10,1,5
25/06/2015,30, ,30,8,1,4
24/06/2015,28, ,24,9,1,4
23/06/2015,40, ,24,8,1,3
22/06/2015,40, ,24,13,1,5
21/06/2015,34, ,28,14,1,4
20/06/2015,33, ,28,12,1,3
19/06/2015,39, ,33,10,1,3
18/06/2015,41, ,25,15,2,5
17/06/2015,41, ,26,13,2,5
16/06/2015,46, ,26,15,2,6
15/06/2015,45, ,26,15,2,8
14/06/2015,46, ,32,14,1,7
13/06/2015,48, ,26,14,2,6
12/06/2015,57, ,25,17,2,7
11/06/2015,57, ,25,16,3,7
10/06/2015,63, ,28,13,2,6
09/06/2015,52, ,27,16,3,7
08/06/2015,50, ,28,15,1,6
07/06/2015,50, ,33,11,1,5
06/06/2015,45, ,30,18,2,6
05/06/2015,34, ,29,20,3,6
04/06/2015,42, ,29,15,3,5
03/06/2015,43, ,26,15,3,5
02/06/2015,39, ,26,18,4,6
01/06/2015,44, ,22,14,3,6
31/05/2015,56, ,27,12,4,7
30/05/2015,57, ,29,18,2,6
29/05/2015,55, ,24,17,2,5
28/05/2015,57, ,21,19,2,6
27/05/2015,64, ,28,18,4,6
26/05/2015,65, ,30,21,6,7
25/05/2015,47, ,23,17,3,7
24/05/2015,61, ,31,13,3,5
23/05/2015,65, ,29,20,4,7
22/05/2015,58, ,28,17,3,7
21/05/2015,69, ,28,17,2,5
20/05/2015,61, ,32,17,3,8
19/05/2015,66, ,20,18,4,10
18/05/2015,61, ,26,20,7,10
17/05/2015,74, ,29,16,6,8
16/05/2015,68, ,27,21,5,9
15/05/2015,43, ,32,21,4,9
14/05/2015,49, ,24,17,5,6
13/05/2015,48, ,30,17,5,6
12/05/2015,37, ,26,16,4,6
11/05/2015,30, ,27,13,3,6
10/05/2015,39, ,18,10,2,5
09/05/2015,52, ,12,16,3,6
08/05/2015,50, ,28,18,4,7
07/05/2015,50, ,36,17,5,6
06/05/2015,55, ,22,26,6,8
05/05/2015,76, ,34,26,4,9
04/05/2015, , ,39,28,5,13
01/05/2015,55, , , , , 
30/04/2015,52, ,29,23,7,7
29/04/2015,51, ,33,19,4,8
28/04/2015,42, ,29,20,6,8
27/04/2015,29, ,25,14,3,7
26/04/2015,59, ,29,13,1,6
25/04/2015,59, ,31,21,3,9
24/04/2015,46, ,26,20,4,8
23/04/2015,51, ,33,18,5,7
22/04/2015,50, ,36,18,5,7
21/04/2015,70, ,33,20,5,7
20/04/2015,59, ,36,19,2,8
19/04/2015,74, ,38,25,2,12
18/04/2015,73, ,44,34,5,12
17/04/2015,65, ,25,44,6,11
16/04/2015,75, ,34,34,7,11
15/04/2015,54, ,39,23,6,10
14/04/2015,49, ,27,20,4,9
13/04/2015,35, ,40,17,4,6
12/04/2015,57, ,39,13,2,5
11/04/2015,61, ,40,26,4,8
10/04/2015,60, ,42,25,3,11
09/04/2015,67, ,32,21,4,10
08/04/2015,42, ,39,22,5,8
07/04/2015,57, ,35,20,3,6
06/04/2015,47, ,39,21,3,8
05/04/2015,48, ,31,13,2,5
04/04/2015,51, ,36,15,2,5
03/04/2015,52, ,38,20,4,7
02/04/2015,69, ,39,22,5,6
01/04/2015, , ,34,19,5,9
31/03/2015, , , , ,7,7
30/03/2015, , , , ,4,8
29/03/2015, , , , ,6,6
28/03/2015, , , , ,4,7
27/03/2015, , , , ,4,7
26/03/2015, , , , ,7,6
25/03/2015, , , , ,3,5
24/03/2015, , , , ,6,5
23/03/2015,71, , , ,4,8
22/03/2015,43, , , ,2,7
21/03/2015,43, ,25,26,3,8
20/03/2015,44, ,18,27,5,8
19/03/2015,33, ,17,22,4,7
18/03/2015,18, ,19,21,3,7
17/03/2015,58, ,16,18,4,7
16/03/2015,37, ,31,15,2,6
15/03/2015,47, ,33,13,2,5
14/03/2015,47, ,30,17,3,5
13/03/2015,55, ,25,21,5,7
12/03/2015,52, ,24,20,5,7
11/03/2015,38, ,30,21,6,8
10/03/2015,46, ,26,17,5,6
09/03/2015,35, ,27,19,4,7
08/03/2015,44, ,32,17,3,5
07/03/2015,59, ,35,21,3,6
06/03/2015,60, ,41,22,5,6
05/03/2015,42, ,44,21,5,6
04/03/2015,58, ,39,17,3,5
03/03/2015,52, ,40,22,13,4
02/03/2015,46, ,38,18,4,5
01/03/2015,62, ,41,16,3,5
28/02/2015,62, ,40,22,4,6
27/02/2015,70, ,48,19,5,6
26/02/2015,59, ,53,17,4,5
25/02/2015,70, ,38,20,6,5
24/02/2015,52, ,46,26,8,6
23/02/2015,53, ,36,21,5,5
22/02/2015,55, ,57,16,5,5
21/02/2015,47, ,39,20,5,6
20/02/2015,38, ,31,16,5,5
19/02/2015,51, ,22,12,3,4
18/02/2015,50, ,38,14,6,6
17/02/2015,46, ,55,12,4,4
16/02/2015,44, ,48,14,3,5
15/02/2015,54, ,41,15,4,6
14/02/2015,46, ,32,15,4,7
13/02/2015,60, ,32,14,4,5
12/02/2015,56, ,41,16,6,3
11/02/2015,44, ,40,14,4,3
10/02/2015,25, ,29,14,4,4
09/02/2015,27, ,18,10,2,3
08/02/2015,38, ,24,12,1,4
07/02/2015,66, ,24,21,3,5
06/02/2015,45, ,37,19,8,6
05/02/2015,50, ,35,15,6,5
04/02/2015,43, ,31,16,5,6
03/02/2015,44, ,25,17,7,6
02/02/2015,40, ,30,14,6,4
01/02/2015,52, ,28,12,4,4
31/01/2015,61, ,34,16,3,5
30/01/2015,69, ,30,19,5,5
29/01/2015,55, ,26,23,7,7
28/01/2015,44, ,37,21,4,6
27/01/2015,68, ,27,16,2,4
26/01/2015,52, ,30,19,1,4
25/01/2015,53, ,46,13,1,3
24/01/2015,53, ,28,23,2,6
23/01/2015,43, ,25,23,1,7
22/01/2015,52, ,29,18,2,5
21/01/2015,54, ,31,18,2,3
20/01/2015,53, ,25,24,1,4
19/01/2015,36, ,47,23,5,16
18/01/2015,40, ,36,17,1,7
17/01/2015,64, ,33,21,2,7
16/01/2015,62, ,34,28,4,7
15/01/2015,73, ,39,21,4,6
14/01/2015,54, ,34,24,9,8
13/01/2015,44, ,37,18,8,8
12/01/2015,39, ,30,16,7,8
11/01/2015,49, ,33,15,6,6
10/01/2015,62, ,32,20,7,7
09/01/2015,60, ,30,22,8,8
08/01/2015,52, ,34,22,7,8
07/01/2015,52, ,34,18,6,7
06/01/2015,57, ,39,19,7,6
05/01/2015,42, ,39,16,13,7
04/01/2015,54, ,37,13,10,5
03/01/2015,39, ,33,10,9,4
02/01/2015,92, ,33,12,5,4
01/01/2015, , ,44,16,8,5
01/12/2014,44, , , , , 
30/11/2014,51, ,37,17,2,6
29/11/2014,69, ,38,20,5,7
28/11/2014,59, ,38,24,5,8
27/11/2014,51, ,36,25,4,6
26/11/2014,71, ,34,20,10,9
25/11/2014,74, ,37,26,3,8
24/11/2014,50, ,34,23,5,8
23/11/2014,57, ,34,19,4,6
22/11/2014,64, ,32,21,1,7
21/11/2014,60, ,24,25,2,7
20/11/2014,53, ,31,20,1,8
19/11/2014,67, ,30,19, ,8
18/11/2014,51, ,34,22,4,7
17/11/2014,57, ,32,21,3,5
16/11/2014,58, ,38,23,2,5
15/11/2014,55, ,37,28,2,6
14/11/2014,56, ,28,25,3,7
13/11/2014,40, ,29,20,2,8
12/11/2014,37, ,22,20, ,6
11/11/2014,46, ,33,25, ,6
10/11/2014,61, ,37,22, ,6
09/11/2014,71, ,44,20,2,5
08/11/2014,74, ,44,22,3,5
07/11/2014,75, ,44,23,7,6
06/11/2014,65, ,41,24,3,7
05/11/2014,38, ,51,27,4,8
04/11/2014,52, ,34,23,1,6
03/11/2014,58, ,37,14,3,5
02/11/2014,65, ,44,15,1,6
01/11/2014, , ,47,25,2,7
