date,pm25,pm10,o3,no2,so2,co
12/07/2025,70,0,13,0,3,12
11/07/2025,36,0,40,0,2,13
10/07/2025,65,0,31,0,1,9
09/07/2025,58,0,48,0,1,9
08/07/2025,44,0,36,0,1,10
07/07/2025,40,0,30,0,1,7
06/07/2025,12,0,31,0,1,6
05/07/2025,11,0,38,0,2,6
04/07/2025,12,0,44,0,3,6
03/07/2025,47,0,39,0,4,6
02/07/2025,11,11,34,12,6,7
01/07/2025,34,2,56,34,7,5
30/06/2025,23,3,34,23,5,3
29/06/2025,34,1,12,34,2,5
21/06/2025,32,7,65,22,3,9
20/06/2025,21,8,34,33,8,6
19/06/2025,20,3,0,0,0,0
18/06/2025,34,0,0,0,0,4
17/06/2025,46,0,36,0,1,5
16/06/2025,58,0,35,0,2,7
15/06/2025,54,0,35,0,2,5
14/06/2025,54,0,26,0,2,5
13/06/2025,45,0,31,0,2,6
12/06/2025,59,0,29,0,2,5
11/06/2025,47,0,50,0,2,6
10/06/2025,52,0,30,0,2,4
09/06/2025,41,0,30,0,2,5
08/06/2025,38,0,30,0,2,4
07/06/2025,40,0,34,0,1,3
06/06/2025,52,0,23,0,2,4
05/06/2025,65,0,23,0,2,5
04/06/2025,49,0,23,0,2,7
03/06/2025,27,0,23,0,2,5
02/06/2025,41,0,34,0,1,2
01/06/2025,49,0,26,0,1,3
31/05/2025,44,0,20,0,1,5
30/05/2025,30,0,27,0,1,5
29/05/2025,45,0,27,0,1,4
28/05/2025,61,0,21,0,2,6
27/05/2025,48,0,34,0,2,8
26/05/2025,31,0,21,0,1,7
25/05/2025,36,0,36,0,1,4
24/05/2025,35,0,26,0,1,4
23/05/2025,34,0,31,0,1,4
22/05/2025,44,0,29,0,1,5
21/05/2025,54,0,28,0,1,6
20/05/2025,69,0,37,0,2,7
19/05/2025,22,0,27,0,2,12
18/05/2025,44,0,24,0,1,6
17/05/2025,52,0,22,0,1,7
16/05/2025,58,0,11,0,1,6
15/05/2025,59,0,19,0,2,6
14/05/2025,39,0,34,0,2,5
13/05/2025,31,0,30,0,1,4
12/05/2025,24,0,29,0,1,3
11/05/2025,27,0,28,0,1,3
10/05/2025,43,0,32,0,1,3
09/05/2025,55,0,34,0,1,4
08/05/2025,65,0,25,0,1,7
07/05/2025,62,0,44,0,2,7
06/05/2025,22,0,27,0,2,9
05/05/2025,46,0,22,0,2,11
04/05/2025,50,0,42,0,1,7
03/05/2025,63,0,24,0,1,8
02/05/2025,53,0,53,0,2,10
01/05/2025,55,0,31,0,2,8
30/04/2025,65,0,29,0,2,8
29/04/2025,54,0,25,0,2,11
28/04/2025,47,0,17,0,2,8
27/04/2025,64,0,43,0,1,6
26/04/2025,71,0,39,0,2,9
25/04/2025,56,0,36,0,2,10
24/04/2025,56,0,38,0,2,8
23/04/2025,55,0,47,0,1,7
22/04/2025,51,0,43,0,1,7
21/04/2025,50,0,41,0,1,6
20/04/2025,44,0,40,0,1,5
19/04/2025,35,0,56,0,1,4
18/04/2025,48,0,40,0,1,4
17/04/2025,57,0,39,0,1,6
16/04/2025,44,0,53,0,2,6
15/04/2025,48,0,45,0,1,4
14/04/2025,51,0,47,0,2,5
13/04/2025,61,0,38,0,2,7
12/04/2025,64,0,48,0,2,8
11/04/2025,49,0,14,0,2,12
10/04/2025,45,0,19,0,1,7
09/04/2025,52,0,33,0,2,7
08/04/2025,49,0,25,0,2,7
07/04/2025,50,0,24,0,2,7
06/04/2025,55,0,16,0,1,8
05/04/2025,66,0,32,0,1,7
04/04/2025,62,0,25,0,2,8
03/04/2025,46,0,42,0,2,7
02/04/2025,67,0,42,0,1,6
01/04/2025,42,0,36,0,2,11
31/03/2025,39,0,39,0,1,7
30/03/2025,52,0,28,0,1,8
29/03/2025,68,0,55,0,2,7
28/03/2025,56,0,20,0,4,9
27/03/2025,59,0,26,0,1,10
26/03/2025,60,0,40,0,2,9
25/03/2025,61,0,35,0,2,8
24/03/2025,82,0,39,0,2,9
23/03/2025,47,0,42,0,2,9
22/03/2025,47,0,23,0,1,7
21/03/2025,53,0,38,0,1,6
20/03/2025,74,0,30,0,1,8
19/03/2025, ,0,36,0,2,10
18/03/2025,49,0,52,0,2,9
17/03/2025,46,0,27,0,1,8
16/03/2025,25,0,57,0,1,5
15/03/2025,70,0,24,0,1,4
14/03/2025,74,0,36,0,3,8
13/03/2025,68,0,28,0,2,8
12/03/2025,68,0,32,0,2,8
11/03/2025,70,0,13,0,3,12
10/03/2025,36,0,40,0,2,13
09/03/2025,65,0,31,0,1,9
08/03/2025,58,0,48,0,1,9
07/03/2025,44,0,36,0,1,10
06/03/2025,40,0,30,0,1,7
05/03/2025, ,0,31,0, ,6
04/03/2025, ,0,38,0, ,6
03/03/2025, ,0,44,0, ,6
02/03/2025,47,0,39,0, ,6
01/03/2025,68,0,26,0, ,7
28/02/2025,62,0,33,0,1,11
27/02/2025,56,0,36,0,1,8
26/02/2025,32,0,9,0,1,8
25/02/2025,58,0,15,0,1,8
24/02/2025, ,0,26,0,1,10
22/02/2025,83,0, ,0, , 
21/02/2025,68,0,5,0,1,11
20/02/2025,39,0,37,0,2,11
19/02/2025,46,0,42,0,1,10
18/02/2025,51,0,18,0,1,10
17/02/2025,57,0,3,0,1,12
16/02/2025, ,0, ,0,2,10
14/02/2025,43,0, ,0, , 
13/02/2025,44,0, ,0,2,8
12/02/2025,36,0, ,0,1, 
11/02/2025,58,0, ,0,1, 
10/02/2025,47,0,29,0,1,6
09/02/2025,67,0,46,0,4,9
08/02/2025,81,0,18,0,2,12
07/02/2025,66,0,37,0,4,9
06/02/2025,59,0,11,0,2,12
05/02/2025,59,0,22,0,2,8
04/02/2025,43,0,36,0,3,8
03/02/2025, ,0,31,0,2,8
01/02/2025,43,0, ,0, , 
31/01/2025,45,0, ,0,2,9
30/01/2025,49,0,93,0,2,7
29/01/2025,69,0,88,0,6,7
28/01/2025,28,0,89,0,7,7
27/01/2025,37,0,80,0,2,4
26/01/2025,67,0,74,0,2,6
25/01/2025,70,0,68,0,3,8
24/01/2025,62,0,85,0,2,7
23/01/2025,66,0,90,0,3,5
22/01/2025,66,0,78,0,2,8
21/01/2025,57,0,63,0,3,6
20/01/2025,47,0,3,0,1,9
19/01/2025,47,0, ,0,1,5
18/01/2025,44,0, ,0,3,6
17/01/2025,67,0, ,0,4,3
16/01/2025, ,0,27,0,2,7
15/01/2025,135,0,29,0,5,4
14/01/2025,73,0, ,0,3,6
13/01/2025,53,0,83,0,6,6
12/01/2025,67,0,95,0,3,4
11/01/2025,59,0,87,0,2,7
10/01/2025,45,0,65,0,3,7
09/01/2025,42,0,44,0,2,5
08/01/2025,64,0,46,0,3,5
07/01/2025,68,0,43,0,4,7
06/01/2025,50,0,43,0,4,9
05/01/2025,50,0,27,0,4,7
04/01/2025,53,0,27,0,1,7
03/01/2025,45,0,22,0,3,8
02/01/2025,61,0,28,0,3,7
01/01/2025, ,0,33,0,3,6
30/12/2024,43,0, ,0, , 
29/12/2024,50,0,30,0,3,7
28/12/2024,57,0,32,0,4,6
27/12/2024,50,0,36,0,4,7
26/12/2024,71,0,37,0,3,7
25/12/2024,75,0,33,0,4,8
24/12/2024,61,0,10,0,6,8
23/12/2024,65,0, ,0,3,8
22/12/2024,47,0, ,0,3,7
21/12/2024,66,0, ,0,3,7
20/12/2024, ,0, ,0,2,7
19/12/2024, ,0,42,0,3,6
18/12/2024, ,0,37,0,4,5
17/12/2024, ,0,46,0,4,5
16/12/2024, ,0,36,0,4,6
15/12/2024, ,0,39,0,2,5
14/12/2024, ,0,18,0,4,6
13/12/2024, ,0,13,0,4,7
12/12/2024, ,0,32,0,6,6
11/12/2024, ,0,28,0,8,6
10/12/2024, ,0,29,0,5,7
09/12/2024, ,0,45,0,4,7
08/12/2024, ,0,58,0,5,7
07/12/2024, ,0,42,0,3,8
06/12/2024, ,0,46,0,5,9
05/12/2024, ,0,53,0,4,7
04/12/2024, ,0,52,0,4,6
03/12/2024, ,0,34,0,6,7
02/12/2024, ,0,46,0,11,8
01/12/2024, ,0,70,0,4,3
30/11/2024, ,0,50,0,5,6
29/11/2024, ,0,42,0,4,7
28/11/2024, ,0,41,0,4,9
27/11/2024, ,0,38,0,3,7
26/11/2024, ,0,37,0,4,7
25/11/2024, ,0,44,0,3,6
24/11/2024, ,0,52,0,4,6
23/11/2024, ,0,60,0,5,7
22/11/2024, ,0,34,0,6,7
21/11/2024, ,0,24,0,4,7
20/11/2024, ,0,39,0,5,5
19/11/2024, ,0,51,0,5,5
18/11/2024, ,0,30,0,6,7
17/11/2024, ,0,60,0,6,5
16/11/2024, ,0,28,0,8,5
15/11/2024, ,0,97,0,6,6
14/11/2024, ,0,38,0,12,4
13/11/2024, ,0,84,0,10,5
12/11/2024, ,0,16,0,5,5
11/11/2024, ,0,76,0,8,5
10/11/2024, ,0,29,0,4,7
09/11/2024, ,0,75,0,6,5
08/11/2024, ,0,61,0,9,7
07/11/2024, ,0,55,0,5,7
06/11/2024, ,0,77,0,5,7
05/11/2024, ,0,65,0,5,7
04/11/2024, ,0,22,0,4,5
03/11/2024, ,0,45,0,2,6
02/11/2024, ,0,38,0,2,6
01/11/2024, ,0,47,0,4,8
31/10/2024, ,0,59,0,2,8
30/10/2024, ,0,48,0,4,11
25/10/2024, ,0,85,0,2,4
24/10/2024, ,0,45,0,4,5
23/10/2024,27,0,53,0,6,8
22/10/2024,43,0,88,0,4,9
21/10/2024,28,0,89,0,3,7
20/10/2024,36,0,79,0,3,6
19/10/2024,28,0,78,0,2,6
18/10/2024,21,0,86,0,2,7
17/10/2024,23,0,94,0,2,5
16/10/2024,9,0,100,0,3,6
15/10/2024,15,0,89,0,2,5
14/10/2024,17,0,65,0,1,3
13/10/2024,11,0,52,0,1,3
12/10/2024,44,0,58,0,5,5
11/10/2024,31,0,39,0,4,7
10/10/2024,50,0,32,0,3,7
09/10/2024,56,0,60,0,4,7
08/10/2024,51,0,35,0,3,6
07/10/2024,35,0,78,0,2,6
06/10/2024,39,0,76,0,2,7
05/10/2024,27,0,68,0,2,6
04/10/2024,69,0,58,0,2,6
03/10/2024,61,0,29,0,3,12
02/10/2024,39,0,40,0,4,12
01/10/2024,27,0,29,0,6,10
30/09/2024,61,0,47,0,2,8
29/09/2024, ,0,36,0,2,10
28/09/2024,88,0,32,0,1,9
27/09/2024,77,0,65,0,3,5
26/09/2024,73,0,78,0,3,5
25/09/2024,51,0,74,0,3,2
24/09/2024,50,0,77,0,9,4
23/09/2024,106,0,62,0,14,4
22/09/2024,67,0,54,0,7,5
21/09/2024,67,0,68,0,8,6
20/09/2024, ,0,96,0,6,6
19/09/2024,49,0,97,0,8,8
18/09/2024,39,0,81,0,5,4
17/09/2024,55,0,84,0,2,10
16/09/2024,43,0,49,0,4,13
15/09/2024,49,0,70,0,3,11
14/09/2024,54,0,88,0,3,9
13/09/2024,54,0,72,0,3,6
12/09/2024,53,0,68,0,3,6
11/09/2024,53,0,71,0,4,4
10/09/2024,52,0,90,0,3,3
09/09/2024,63,0,73,0,3,9
08/09/2024,69,0,75,0,2,11
07/09/2024,58,0,84,0,2,10
06/09/2024,67,0,70,0,2,7
05/09/2024,68,0,63,0,3,8
04/09/2024,66,0,62,0,3,6
03/09/2024,77,0,86,0,3,8
02/09/2024,88,0,86,0,3,9
01/09/2024,64,0,97,0,3,10
31/08/2024,57,0,109,0,3,9
30/08/2024,68,0,70,0,3,5
29/08/2024,45,0,70,0,4,5
28/08/2024,37,0,72,0,3,4
27/08/2024,46,0,58,0,3,4
26/08/2024,46,0,67,0,3,5
25/08/2024,45,0,58,0,4,7
24/08/2024,49,0,35,0,4,6
23/08/2024,46,0,50,0,4,5
22/08/2024,51,0,50,0,3,3
21/08/2024,41,0,60,0,3,3
20/08/2024,12,0,53,0,2,3
19/08/2024,39,0,62,0,2,11
18/08/2024,38,0,68,0,2,11
17/08/2024,38,0,53,0,2,10
16/08/2024,37,0,54,0,2,9
15/08/2024,51,0,50,0,3,8
14/08/2024,37,0,46,0,3,8
13/08/2024,29,0,52,0,2,6
12/08/2024,46,0,41,0,3,4
11/08/2024,40,0,50,0,4,5
10/08/2024,65,0,39,0,4,6
09/08/2024,66,0,35,0,7,7
08/08/2024,54,0,46,0,9,6
07/08/2024,58,0,48,0,5,3
06/08/2024,75,0,37,0,5,1
05/08/2024,59,0,37,0,6,3
04/08/2024,69,0,49,0,5,3
03/08/2024,61,0,64,0,4,5
02/08/2024,54,0,46,0,5,8
01/08/2024,39,0,44,0,2,5
31/07/2024,41,0,49,0,2,4
30/07/2024,36,0,44,0,2,3
29/07/2024,44,0,38,0,2,5
28/07/2024,47,0,42,0,2,6
27/07/2024,44,0,36,0,2,5
26/07/2024,42,0,35,0,2,5
25/07/2024,39,0,37,0,4,4
24/07/2024,37,0,44,0,2,3
23/07/2024,34,0,37,0,2,2
22/07/2024,24,0,33,0,2,5
21/07/2024,31,0,34,0,2,6
20/07/2024,31,0,27,0,2,6
19/07/2024,38,0,35,0,2,5
18/07/2024,31,0,35,0,2,4
17/07/2024,50,0,51,0,2,3
16/07/2024,32,0,62,0,2,5
15/07/2024, ,0,43,0,2,5
14/07/2024,7,0,35,0,2,5
13/07/2024,51,0,42,0,2,3
12/07/2024,49,0,49,0,5,4
11/07/2024,33,0,44,0,4,3
10/07/2024,42,0,41,0,3,5
09/07/2024,27,0,40,0,3,5
08/07/2024,27,0,46,0,2,4
07/07/2024,37,0,37,0,2,6
06/07/2024,58,0,35,0,3,6
05/07/2024,54,0,33,0,3,6
04/07/2024,37,0,40,0,4,4
03/07/2024,35,0,30,0,3,7
02/07/2024,42,0,28,0,3,7
01/07/2024,61,0,40,0, ,7
30/06/2024,71,0,32,0, ,6
29/06/2024,62,0,51,0,8,6
28/06/2024,69,0,46,0, ,8
27/06/2024,47,0,31,0,4,6
26/06/2024,47,0,37,0,2,2
25/06/2024,40,0,37,0,3,3
24/06/2024,48,0,57,0,2,3
23/06/2024,61,0,55,0,3,6
22/06/2024,52,0,38,0,6,7
21/06/2024,59,0,23,0,5,9
20/06/2024,70,0,30,0,4,11
19/06/2024,51,0,34,0,5,11
18/06/2024,43,0,50,0,5,8
17/06/2024,34,0,36,0,3,6
16/06/2024,68,0,27,0,2,5
15/06/2024,51,0,17,0,3,7
14/06/2024,63,0,29,0,3,8
13/06/2024,58,0,25,0,4,8
12/06/2024,51,0,27,0,3,7
11/06/2024,50,0,26,0,2,4
10/06/2024,46,0,29,0,3,7
09/06/2024,49,0,38,0,2,8
08/06/2024,55,0,29,0,3,8
07/06/2024,57,0,21,0,4,7
06/06/2024,54,0,25,0,3,6
05/06/2024,35,0,26,0,2,5
04/06/2024,36,0,23,0,2,10
03/06/2024,32,0,28,0,2,12
02/06/2024,31,0,39,0,2,11
01/06/2024,33,0,27,0,1,10
31/05/2024,48,0,27,0,1,10
30/05/2024,69,0,37,0,3,11
29/05/2024,58,0,32,0,4,13
28/05/2024,46,0,48,0,4,11
27/05/2024,43,0,50,0,3,10
26/05/2024,56,0,46,0,2,6
25/05/2024,51,0,44,0,4,6
24/05/2024,48,0,29,0,4,6
23/05/2024,60,0,25,0,3,5
22/05/2024,32,0,22,0,3,15
21/05/2024,43,0,23,0,2,17
20/05/2024,55,0,17,0,2,16
19/05/2024,47,0,22,0,6,16
18/05/2024,68,0,21,0,5,16
17/05/2024,49,0,28,0,5,16
16/05/2024,63,0,24,0,3,14
15/05/2024,55,0,21,0,4,15
14/05/2024,50,0,18,0,4,13
13/05/2024,50,0,24,0,3,12
12/05/2024,59,0,37,0,2,11
11/05/2024,35,0,24,0,3,13
10/05/2024,75,0,29,0,2,8
09/05/2024,68,0,26,0,7,13
08/05/2024,64,0,15,0,7,12
07/05/2024,47,0,31,0,5,8
06/05/2024,29,0,27,0,3,6
05/05/2024,64,0,18,0,2,4
04/05/2024,52,0,27,0,5,7
03/05/2024,49,0,29,0,5,7
02/05/2024,42,0,34,0,2,5
01/05/2024,54,0,31,0,3,8
30/04/2024,45,0,28,0,3,13
29/04/2024,54,0,37,0,4,11
28/04/2024,66,0,36,0,3,10
27/04/2024,46,0,30,0,7,8
26/04/2024,36,0,27,0,12,29
25/04/2024,49,0,31,0,2,36
24/04/2024,58,0,45,0,3,35
23/04/2024,61,0,30,0,6,34
22/04/2024,44,0,24,0,3,30
21/04/2024,40,0,31,0,3,29
20/04/2024, ,0,40,0,3,26
19/04/2024,50,0, ,0, , 
18/04/2024, ,0,25,0,4,20
17/04/2024,75,0,9,0, ,19
16/04/2024,66,0,57,0,5,14
15/04/2024,58,0,57,0,2,14
14/04/2024,72,0,51,0,27,11
13/04/2024,74,0,67,0,3,10
12/04/2024,72,0,51,0,4,8
11/04/2024,87,0,41,0,4,7
10/04/2024,68,0,37,0,6,8
09/04/2024,62,0,39,0,5,6
08/04/2024,46,0,35,0,6,7
07/04/2024,73,0,39,0,3,5
06/04/2024,77,0,32,0,6,8
05/04/2024,72,0,31,0,6,7
04/04/2024,68,0,33,0,3,7
03/04/2024,53,0,6,0,11,13
02/04/2024,50,0,17,0,2,6
01/04/2024,55,0,29,0,11,8
31/03/2024,45,0,39,0,2,9
30/03/2024,60,0,37,0,1,7
29/03/2024,82,0,36,0,1,9
28/03/2024,53,0,55,0,6,9
27/03/2024,67,0,33,0,6,9
26/03/2024,71,0,28,0,3,8
25/03/2024,70,0,37,0,8,12
24/03/2024,88,0,43,0,14,11
23/03/2024,82,0,33,0,10,11
22/03/2024,68,0,26,0,8,9
21/03/2024,80,0,51,0,3,9
20/03/2024,58,0,46,0,5,6
19/03/2024,78,0,21,0,2,7
18/03/2024,38,0,43,0,3,5
17/03/2024,39,0,41,0,2,3
16/03/2024,60,0,38,0,3,4
15/03/2024,43,0,32,0,4,4
14/03/2024,35,0,36,0,2,3
13/03/2024,37,0,36,0,2,5
12/03/2024,53,0,33,0,2,6
11/03/2024,38,0,37,0,3,6
10/03/2024,46,0,32,0,2,6
09/03/2024,63,0,39,0,3,8
08/03/2024,51,0,41,0,3,7
07/03/2024,61,0,38,0,2,7
06/03/2024,69,0,35,0,3,7
05/03/2024,58,0,30,0,4,8
04/03/2024,44,0,30,0,5,5
03/03/2024,62,0,23,0,4,5
02/03/2024,62,0,24,0,4,6
01/03/2024,74,0,41,0,4,7
29/02/2024,73,0,36,0,4,9
28/02/2024,80,0,35,0,4,9
27/02/2024,53,0,41,0,5,12
26/02/2024,58,0,37,0,3,7
25/02/2024,54,0,29,0,5,5
24/02/2024,56,0,25,0,3,5
23/02/2024,64,0,24,0,3,5
22/02/2024,50,0,22,0,3,6
21/02/2024,54,0,16,0,3,8
20/02/2024,61,0,12,0,3,9
19/02/2024,48,0,28,0,3,7
18/02/2024,41,0,31,0,3,6
17/02/2024,35,0,22,0,2,5
16/02/2024,32,0,22,0,2,4
15/02/2024,33,0,23,0,2,5
14/02/2024,51,0,26,0,2,4
13/02/2024,49,0,29,0,2,5
12/02/2024,36,0,28,0,2,4
11/02/2024,45,0,28,0,2,4
10/02/2024,46,0,23,0,4,4
09/02/2024,43,0,23,0,4,4
08/02/2024,47,0,28,0,3,3
07/02/2024,56,0,25,0,3,4
06/02/2024,44,0,28,0,3,5
05/02/2024,47,0,20,0,2,5
04/02/2024,59,0,48,0,2,5
03/02/2024,69,0,32,0,4,7
02/02/2024,81,0,24,0,3,6
01/02/2024,87,0,32,0,3,5
31/01/2024,78,0,43,0,4,4
30/01/2024,75,0,39,0,3,5
29/01/2024, ,0,45,0,3,7
28/01/2024,87,0, ,0, , 
27/01/2024,70,0,71,0,3,6
26/01/2024,65,0,46,0,3,5
25/01/2024,50,0,54,0,3,3
24/01/2024,45,0,47,0,2,2
23/01/2024,46,0,27,0,2,2
22/01/2024,51,0,23,0,2,3
21/01/2024,57,0,26,0,2,5
20/01/2024,47,0,28,0,3,6
19/01/2024,42,0,25,0,2,5
18/01/2024,57,0,24,0,4,5
17/01/2024,63,0,14,0,5,6
16/01/2024,63,0,16,0,5,6
15/01/2024,91,0,25,0,5,6
14/01/2024,49,0,44,0,5,5
13/01/2024,61,0,41,0,4,4
12/01/2024,66,0,24,0,4,5
11/01/2024,61,0,33,0,4,5
10/01/2024,77,0,28,0,5,4
09/01/2024,69,0,27,0,5,5
08/01/2024,57,0,32,0,4,7
07/01/2024,80,0,34,0,2,4
06/01/2024,57,0,43,0,4,6
05/01/2024,54,0,38,0,4,4
04/01/2024,72,0,23,0,3,4
03/01/2024,87,0,22,0,5,7
02/01/2024,230,0,25,0,7,10
01/01/2024,76,0,117,0,12,15
31/12/2023,65,0,24,0,3,8
30/12/2023,53,0,32,0,2,5
29/12/2023,47,0,39,0,3,7
28/12/2023,45,0,23,0,2,5
27/12/2023,52,0,28,0,2,5
26/12/2023,56,0,30,0,3,5
25/12/2023,64,0,44,0,2,4
24/12/2023,68,0,40,0,3,6
23/12/2023,84,0,26,0,5,7
22/12/2023,65,0,40,0,6,9
21/12/2023,60,0,36,0,6,6
20/12/2023,46,0,46,0,3,5
19/12/2023,86,0,28,0,2,7
18/12/2023,58,0,27,0,5,13
17/12/2023,51,0,27,0,2,10
16/12/2023,28,0,24,0,3,10
15/12/2023,48,0,19,0,5,9
14/12/2023,47,0,30,0,3,6
13/12/2023,35,0,24,0,4,4
12/12/2023,50,0,25,0,18,6
11/12/2023,40,0,33,0,7,7
10/12/2023,49,0,30,0,2,5
09/12/2023,57,0,43,0,2,5
08/12/2023,64,0,30,0,2,6
07/12/2023,62,0,31,0,3,8
06/12/2023,71,0,29,0,2,9
05/12/2023,52,0,36,0,5,9
04/12/2023,57,0,42,0,2,6
03/12/2023,58,0,49,0,3,6
02/12/2023,62,0,46,0,2,6
01/12/2023,74,0,40,0,3,7
30/11/2023,64,0,47,0,8,5
29/11/2023,50,0,28,0,2,12
28/11/2023,41,0,9,0,1,15
27/11/2023,48,0,12,0,1,12
26/11/2023,55,0,9,0,1,12
25/11/2023,28,0,8,0,1,13
24/11/2023,52,0,13,0,4,10
23/11/2023,46,0,18,0,1,10
22/11/2023,40,0,17,0,1,10
21/11/2023,34,0,10,0,1,9
20/11/2023, ,0,12,0,1,6
19/11/2023,67,0, ,0, , 
18/11/2023,72,0,15,0,1,6
17/11/2023,48,0,18,0,2,6
16/11/2023,41,0,13,0,1,6
15/11/2023,71,0,11,0,1,4
14/11/2023,64,0,17,0,4,18
13/11/2023,55,0,10,0,1,7
12/11/2023,45,0,14,0,1,7
11/11/2023,43,0,11,0,1,7
10/11/2023,41,0,9,0,1,6
09/11/2023,50,0,14,0,5,5
08/11/2023,26,0,12,0,4,3
07/11/2023,72,0,12,0,9,11
06/11/2023, ,0,16,0,1,11
05/11/2023,66,0, ,0, , 
04/11/2023,64,0,21,0,2,8
03/11/2023,53,0,21,0,2,10
02/11/2023,68,0,18,0,1,10
01/11/2023,57,0,31,0,4,9
31/10/2023,71,0,30,0,5,9
30/10/2023,61,0,113,0,4,7
29/10/2023,36,0,22,0,7,10
28/10/2023,55,0,21,0,3,4
27/10/2023,55,0,154,0,9,6
26/10/2023,77,0,23,0,9,7
25/10/2023,64,0,28,0,9,5
24/10/2023,62,0,37,0,7,4
23/10/2023,54,0,37,0,3,2
22/10/2023,65,0,53,0,1,3
21/10/2023,50,0,36,0,3,3
20/10/2023,37,0,32,0,2,4
19/10/2023,54,0,40,0,1,3
18/10/2023,64,0,38,0,1,2
17/10/2023, ,0,28,0, ,4
15/10/2023,58,0, ,0, , 
14/10/2023,69,0,24,0,13,5
13/10/2023,67,0,34,0,10,3
12/10/2023,59,0,36,0,9,4
11/10/2023,60,0,37,0,8,2
10/10/2023,62,0,31,0,7,4
09/10/2023,70,0,38,0,5,3
08/10/2023, ,0,39,0,3,3
06/10/2023,56,0, ,0, , 
05/10/2023,83,0,8,0, ,5
04/10/2023,62,0,50,0,7,4
03/10/2023,65,0,38,0,6,3
02/10/2023, ,0,18,0,6,4
25/09/2023,37,0, ,0, , 
24/09/2023,48,0,35,0, ,2
23/09/2023,61,0,46,0, ,2
22/09/2023,51,0,40,0, ,3
21/09/2023,46,0,45,0,1,1
20/09/2023,46,0,39,0,5,1
19/09/2023,48,0,35,0,8,2
18/09/2023,45,0,36,0,8,2
17/09/2023,38,0,46,0,8,2
16/09/2023,39,0,50,0,7,1
15/09/2023,49,0,30,0,7,1
14/09/2023,63,0,38,0,7,1
13/09/2023,60,0,37,0,6,1
12/09/2023,51,0,34,0,6,1
11/09/2023,51,0,41,0,5,1
10/09/2023,61,0,29,0,5,1
09/09/2023,57,0,32,0,5,2
08/09/2023,51,0,47,0,4,1
07/09/2023,40,0,48,0,4,1
06/09/2023,39,0,50,0,3, 
05/09/2023,53,0,34,0,4, 
04/09/2023,63,0,36,0,4,1
03/09/2023,65,0,35,0,5,2
02/09/2023,40,0,41,0,3,2
01/09/2023,43,0,37,0,2,1
31/08/2023,43,0,44,0,2,1
30/08/2023,37,0,44,0,2, 
29/08/2023,34,0,40,0,2,1
28/08/2023,42,0,34,0,2,1
27/08/2023,57,0,43,0,1,1
26/08/2023,41,0,43,0,1,2
25/08/2023,44,0,35,0,1,2
24/08/2023,50,0,34,0,1,2
23/08/2023,65,0,41,0,1,2
22/08/2023,66,0,20,0,2,3
21/08/2023, ,0,19,0,3,4
20/08/2023,97,0, ,0, , 
19/08/2023,74,0,48,0,2,4
18/08/2023,49,0,40,0,1,3
17/08/2023,76,0,31,0,1,2
16/08/2023,79,0,27,0,2,3
15/08/2023,70,0,18,0,2,3
14/08/2023,51,0,29,0,2,4
13/08/2023,59,0,28,0,1,3
12/08/2023,62,0,30,0,1,2
11/08/2023,47,0,30,0,1,2
10/08/2023,45,0,37,0,1,2
09/08/2023,29,0,33,0,1,1
08/08/2023,33,0,32,0, ,1
07/08/2023,52,0,36,0,1,1
06/08/2023,40,0,32,0,1,1
05/08/2023,54,0,33,0,1,1
04/08/2023,40,0,37,0, ,1
03/08/2023,32,0,39,0, ,1
02/08/2023,38,0,37,0, ,1
01/08/2023,41,0,32,0, ,1
31/07/2023,47,0,35,0, ,1
30/07/2023,47,0,25,0,1,2
29/07/2023,50,0,25,0,1,2
28/07/2023,63,0,29,0,1,2
27/07/2023,71,0,38,0,1,3
26/07/2023,50,0,48,0,1,3
25/07/2023,41,0,32,0,1,3
24/07/2023,33,0,31,0,1,2
23/07/2023,37,0,32,0, ,2
22/07/2023,30,0,33,0,1,2
21/07/2023,39,0,26,0, ,2
20/07/2023,40,0,29,0, ,1
19/07/2023,33,0,32,0, ,1
18/07/2023,32,0,38,0, ,1
17/07/2023,42,0,27,0,1,2
16/07/2023,40,0,29,0,1,4
15/07/2023,52,0,25,0,1,4
14/07/2023,55,0,29,0,2,4
13/07/2023,48,0,38,0,2,3
12/07/2023,45,0,30,0,1,2
11/07/2023,41,0,28,0,1,3
10/07/2023,33,0,24,0,1,3
09/07/2023,59,0,25,0,1,2
08/07/2023,68,0,31,0,1,4
07/07/2023,73,0,28,0,2,5
06/07/2023,57,0,30,0,1,4
05/07/2023,65,0,21,0,1,4
04/07/2023,67,0,29,0,2,4
03/07/2023,48,0,30,0,1,4
02/07/2023,42,0,40,0, ,2
01/07/2023,34,0,45,0,1,2
30/06/2023,38,0,23,0,1,2
29/06/2023,36,0,22,0, ,1
28/06/2023,48,0,32,0, ,1
27/06/2023,60,0,29,0,1,3
26/06/2023,48,0,26,0,1,4
25/06/2023,53,0,27,0,1,3
24/06/2023,69,0,31,0,2,4
23/06/2023,46,0,28,0,2,4
22/06/2023,66,0,27,0, ,3
21/06/2023,52,0,21,0, ,2
20/06/2023,52,0,33,0, ,2
19/06/2023,43,0,39,0, ,1
18/06/2023,40,0,31,0, ,2
17/06/2023,42,0,25,0, ,2
16/06/2023,53,0,25,0,1,3
15/06/2023,52,0,24,0, ,2
14/06/2023,61,0,27,0, ,2
13/06/2023,77,0,36,0, ,3
12/06/2023,61,0,32,0, ,3
11/06/2023,70,0,42,0, ,4
10/06/2023,74,0,28,0,1,6
09/06/2023,64,0,21,0,1,6
08/06/2023,57,0,26,0,1,4
07/06/2023,41,0,25,0,1,4
06/06/2023,35,0,23,0, ,3
05/06/2023,48,0,23,0, ,2
04/06/2023,61,0,23,0, ,1
03/06/2023,54,0,19,0,1,3
02/06/2023,49,0,22,0,1,2
01/06/2023,71,0,22,0,1,2
31/05/2023,70,0,19,0,3,5
30/05/2023,72,0,31,0,1,3
29/05/2023, ,0,34,0,1,2
28/05/2023,49,0, ,0, , 
27/05/2023,59,0,37,0,1,2
26/05/2023,49,0,21,0,1,4
25/05/2023,68,0,32,0,1,4
24/05/2023,65,0,25,0,2,5
23/05/2023,58,0,20,0,2,4
22/05/2023,72,0,33,0, ,2
21/05/2023,90,0,22,0, ,3
20/05/2023,70,0,19,0,1,4
19/05/2023,65,0,22,0,1,4
18/05/2023,70,0,31,0, ,1
17/05/2023,72,0,28,0,1,3
16/05/2023,66,0,25,0,2,3
15/05/2023,51,0,23,0,1,2
14/05/2023,56,0,14,0,1,2
13/05/2023,67,0,20,0,2,2
12/05/2023,26,0,19,0,2,5
11/05/2023,55,0,5,0, ,1
10/05/2023,66,0,17,0,1,3
09/05/2023,67,0,21,0,1,1
08/05/2023,59,0,34,0, ,1
07/05/2023,56,0,32,0,1,2
06/05/2023,54,0,23,0,2,2
05/05/2023,44,0,25,0,1,3
04/05/2023,52,0,21,0,1,1
03/05/2023,40,0,31,0,1,2
02/05/2023,57,0,30,0, ,2
01/05/2023,51,0,27,0,1,4
30/04/2023,56,0,30,0, ,3
29/04/2023,71,0,32,0,1,5
28/04/2023,77,0,26,0,2,8
27/04/2023,53,0,30,0,3,11
26/04/2023,59,0,25,0,1,9
25/04/2023,67,0,40,0,1,9
24/04/2023, ,0,34,0,1,8
23/04/2023,67,0, ,0, , 
22/04/2023,64,0,32,0,1,9
21/04/2023,57,0,30,0,1,8
20/04/2023,75,0,36,0,1,7
19/04/2023,62,0,37,0,2,8
18/04/2023,60,0,33,0,1,7
17/04/2023,47,0,27,0,1,6
16/04/2023,65,0,28,0, ,6
15/04/2023,73,0,38,0,2,8
14/04/2023,73,0,42,0,2,7
13/04/2023,68,0,34,0,2,7
12/04/2023,62,0,24,0,1,7
11/04/2023,47,0,32,0,1,6
10/04/2023,42,0,26,0, ,5
09/04/2023,49,0,29,0,1,3
08/04/2023,52,0,27,0, ,4
07/04/2023,52,0,28,0, ,4
06/04/2023,65,0,28,0, ,6
05/04/2023,58,0,26,0,1,6
04/04/2023,60,0,26,0, ,6
03/04/2023,50,0,23,0,1,7
02/04/2023,50,0,33,0, ,6
01/04/2023,61,0,38,0, ,5
31/03/2023,68,0,23,0,1,6
30/03/2023,60,0,40,0,1,4
29/03/2023,72,0,34,0, ,2
28/03/2023,52,0,35,0,1,4
27/03/2023,62,0,38,0, ,3
26/03/2023,48,0,41,0,1, 
25/03/2023,45,0,34,0, , 
24/03/2023,59,0,17,0, ,2
23/03/2023,78,0,27,0, ,2
22/03/2023,67,0,34,0,1,4
21/03/2023,78,0,26,0,2,7
20/03/2023,68,0,24,0,1,3
19/03/2023,60,0,26,0,1,2
18/03/2023, ,0,3,0,2,5
17/03/2023,60,0, ,0, , 
16/03/2023,63,0, ,0, ,8
15/03/2023,80,0,17,0,4,6
14/03/2023,59,0,6,0,6,10
13/03/2023,55,0,11,0,4,7
12/03/2023,47,0,10,0,3,7
11/03/2023,52,0,7,0,3,6
10/03/2023,40,0,11,0,3,6
09/03/2023,54,0,9,0,4,5
08/03/2023,21,0,13,0,6,5
07/03/2023, ,0,10,0,3,4
01/06/2022,83,0, ,0, , 
06/05/2022,55,0, ,0, , 
05/05/2022,63,0,5,0,3,9
04/05/2022,47,0,20,0,4,11
03/05/2022,49,0,23,0,3,9
02/05/2022,43,0,20,0,3,8
01/05/2022,27,0,20,0,3,8
30/04/2022,41,0,21,0,3,7
29/04/2022,67,0,16,0,3,9
28/04/2022, ,0,21,0,4,11
14/04/2022,78,0, ,0, , 
13/04/2022,65,0, ,0,4,8
12/04/2022,55,0,20,0,5,7
11/04/2022,46,0,16,0,3,6
10/04/2022,62,0,20,0,3,6
09/04/2022,69,0,20,0,3,7
08/04/2022,59,0,21,0,4,9
07/04/2022,60,0,25,0,3,5
06/04/2022,50,0,17,0,3,6
05/04/2022,70,0,21,0,3,5
04/04/2022,46,0,23,0,5,7
03/04/2022,54,0,26,0,2,6
02/04/2022,63,0,23,0,3,5
01/04/2022,74,0,21,0,4,6
31/03/2022,74,0,31,0,4,7
30/03/2022,53,0,29,0,3,9
29/03/2022,71,0,19,0,3,6
28/03/2022,78,0,20,0,4,11
27/03/2022,69,0,21,0,3,10
26/03/2022,84,0,11,0,3,10
25/03/2022,72,0,21,0,4,8
24/03/2022,64,0,23,0,4,7
23/03/2022,81,0,13,0,3,7
22/03/2022,58,0,30,0,6,9
21/03/2022,53,0,17,0,3,8
20/03/2022,73,0,22,0,3,6
19/03/2022,84,0,26,0,4,6
18/03/2022,56,0,24,0,4,7
17/03/2022,70,0,25,0,4,5
16/03/2022,55,0,24,0,3,9
15/03/2022,67,0,29,0,2,8
14/03/2022,58,0,36,0,3,9
13/03/2022,55,0,28,0,3,8
12/03/2022,57,0,13,0,2,7
11/03/2022,71,0,20,0,2,8
10/03/2022,66,0,23,0,3,7
09/03/2022,61,0,24,0,3,8
08/03/2022,50,0,15,0,3,7
07/03/2022,55,0,20,0,2,5
06/03/2022,59,0,22,0,2,5
05/03/2022,62,0,17,0,3,7
04/03/2022,55,0,30,0,6,6
03/03/2022,62,0,26,0,3,6
02/03/2022,57,0,22,0,3,6
01/03/2022,60,0,23,0,2,5
28/02/2022,57,0,29,0,3,6
27/02/2022,69,0,30,0,4,4
26/02/2022,65,0,23,0,3,5
25/02/2022,58,0,21,0,5,5
24/02/2022,91,0,33,0,3, 
23/02/2022,90,0,32,0,5, 
22/02/2022,53,0,32,0,6, 
21/02/2022,51,0,26,0,2, 
20/02/2022,55,0,22,0,2,4
19/02/2022,68,0,22,0,3,6
18/02/2022,79,0,23,0,3,6
17/02/2022,80,0,41,0,2,6
16/02/2022,73,0,50,0,5,6
15/02/2022,54,0,32,0,6,6
14/02/2022,49,0,31,0,2,6
13/02/2022,56,0,31,0,2,5
12/02/2022,56,0,31,0,3,6
11/02/2022, ,0,24,0,3,6
06/01/2022,48,0, ,0, , 
05/01/2022,70,0,13,0,3, 
04/01/2022,66,0,37,0,5,3
03/01/2022,58,0,33,0,10,2
02/01/2022,94,0,28,0,4,3
01/01/2022,72,0,29,0,6,4
31/12/2021,74,0,28,0,4,4
30/12/2021,74,0,29,0,6,4
29/12/2021,76,0,24,0,4,5
28/12/2021,67,0,31,0,4,5
27/12/2021,60,0,27,0,4,5
26/12/2021,71,0,25,0,5,4
25/12/2021,68,0,32,0,4,4
24/12/2021,70,0,37,0,4,4
23/12/2021,53,0,42,0,4,3
22/12/2021,53,0,27,0,3,5
21/12/2021,57,0,16,0,3,6
20/12/2021,58,0,18,0,5,7
19/12/2021,70,0,18,0,5,7
18/12/2021,63,0,14,0,3,8
17/12/2021,64,0,8,0,4,9
16/12/2021,65,0,19,0,3,5
15/12/2021,57,0,20,0,3,7
14/12/2021,46,0,11,0,2,6
13/12/2021,43,0,9,0,2,5
12/12/2021,51,0,9,0,2,6
11/12/2021,63,0,22,0,3,7
10/12/2021,66,0,22,0,3,6
09/12/2021,61,0,28,0,3,6
08/12/2021,35,0,23,0,3,6
07/12/2021,62,0,23,0,2,4
06/12/2021,53,0,21,0,3,7
05/12/2021,72,0,21,0,2,8
04/12/2021,81,0,23,0,4,8
03/12/2021,94,0,30,0,5,7
02/12/2021,94,0,34,0,4,7
01/12/2021,80,0,28,0,6,13
30/11/2021,67,0,22,0,3,10
29/11/2021,59,0,22,0,3,7
28/11/2021,75,0,41,0,3,6
27/11/2021,83,0,25,0,3,10
26/11/2021,80,0,30,0,3,8
25/11/2021,60,0,19,0,3,9
24/11/2021,66,0,24,0,2,6
23/11/2021,71,0,23,0,2,7
22/11/2021,62,0,21,0,2,8
21/11/2021,57,0,30,0,1,5
20/11/2021,41,0,24,0,1,5
19/11/2021,51,0,18,0,2,4
18/11/2021,59,0,29,0,2,4
17/11/2021,75,0,26,0,2,5
16/11/2021,60,0,21,0,2,5
15/11/2021,69,0,21,0,1,5
14/11/2021,76,0,32,0,1,5
13/11/2021,71,0,18,0,2,5
12/11/2021,74,0,21,0,2,5
11/11/2021,52,0,35,0,2,6
10/11/2021,54,0,23,0,1,4
09/11/2021,70,0,15,0,1,5
08/11/2021,67,0,28,0,2,5
07/11/2021,72,0,26,0,1,5
06/11/2021,77,0,29,0,2,5
05/11/2021,64,0,15,0,3,9
04/11/2021,56,0,31,0,2,6
03/11/2021,46,0,32,0,2,5
02/11/2021,55,0,25,0,1,3
01/11/2021,59,0,28,0,1,4
31/10/2021,81,0,27,0,1,5
30/10/2021,59,0,28,0,2,11
29/10/2021,56,0,25,0,1,6
28/10/2021,77,0,39,0,1,3
27/10/2021,62,0,28,0,2,7
26/10/2021,70,0,32,0,3,4
25/10/2021,81,0,39,0,2,8
24/10/2021,61,0,45,0,3,11
23/10/2021,70,0,31,0,1,8
22/10/2021,73,0,33,0,2,8
21/10/2021,74,0,26,0,2,9
20/10/2021,71,0,32,0,2,7
19/10/2021,61,0,34,0,2,7
18/10/2021,60,0,29,0,1,7
17/10/2021,56,0,29,0,1,7
16/10/2021,75,0,33,0,2,6
15/10/2021,79,0,37,0,5,7
14/10/2021,56,0,29,0,3,7
13/10/2021,46,0,31,0,1,5
12/10/2021,62,0,35,0,1,4
11/10/2021,67,0,32,0,2,7
10/10/2021,57,0,28,0,1,7
09/10/2021,74,0,29,0,1,5
08/10/2021,48,0,31,0,2,6
07/10/2021,62,0,24,0,4,4
06/10/2021,81,0,26,0,2,4
05/10/2021,81,0,28,0,3,6
04/10/2021,52,0,33,0,2,7
03/10/2021,62,0,33,0,1,7
02/10/2021,63,0,32,0,1,7
01/10/2021,56,0,29,0,1,8
30/09/2021,54,0,27,0,1,6
29/09/2021,55,0,31,0,1,5
28/09/2021,37,0,35,0,1,5
27/09/2021,36,0,39,0,1,3
26/09/2021,45,0,40,0,1,3
25/09/2021,46,0,40,0,1,4
24/09/2021,35,0,36,0,1,4
23/09/2021,57,0,39,0,1,4
22/09/2021,64,0,30,0,2,5
21/09/2021,53,0,34,0,2,6
20/09/2021,49,0,34,0,1,5
19/09/2021,55,0,39,0,1,4
18/09/2021,39,0,36,0,1,5
17/09/2021,38,0,39,0,1,3
16/09/2021,50,0,37,0,1,3
15/09/2021,66,0,39,0,1,3
14/09/2021,49,0,41,0,3,5
13/09/2021,53,0,36,0,2,4
12/09/2021,79,0,30,0,1,4
11/09/2021,32,0,31,0,2,5
10/09/2021,50,0,36,0,1,2
09/09/2021,52,0,33,0,2,4
08/09/2021,54,0,31,0,2,4
07/09/2021,43,0,32,0,1,4
06/09/2021,43,0,31,0,1,4
05/09/2021,43,0,32,0,1,3
04/09/2021,49,0,34,0,1,3
03/09/2021,46,0,31,0,1,5
02/09/2021,36,0,30,0,1,2
01/09/2021,65,0,32,0,1,2
31/08/2021,53,0,36,0,1,5
30/08/2021,46,0,28,0,1,3
29/08/2021,69,0,28,0,1,4
28/08/2021,81,0,32,0,3,4
27/08/2021,80,0,31,0,2,4
26/08/2021,70,0,29,0,2,5
25/08/2021,78,0,31,0,2,5
24/08/2021,57,0,34,0,3,7
23/08/2021,40,0,32,0, ,6
22/08/2021,60,0,31,0, ,5
21/08/2021,63,0,31,0, ,7
20/08/2021,43,0,38,0, ,6
19/08/2021,69,0,33,0, ,6
18/08/2021,67,0,32,0, ,7
17/08/2021,70,0,28,0, ,7
16/08/2021,58,0,31,0, ,8
15/08/2021,74,0,26,0, ,6
14/08/2021,62,0,34,0,1,9
13/08/2021,68,0,31,0,1,5
12/08/2021,42,0,25,0,1,6
11/08/2021,42,0,30,0, ,4
10/08/2021,69,0,27,0, ,4
09/08/2021,62,0,32,0,1,6
08/08/2021,58,0,35,0, ,6
07/08/2021,55,0,24,0,1,6
06/08/2021,49,0,26,0, ,4
05/08/2021, ,0,36,0, ,4
07/07/2021,24,0, ,0, , 
06/07/2021,41,0,22,0, ,2
05/07/2021,26,0,47,0,1,2
04/07/2021,33,0,33,0, ,2
03/07/2021,40,0,29,0,1,2
02/07/2021,26,0,29,0,1,2
01/07/2021,45,0,31,0,1,2
30/06/2021,34,0,21,0,1,2
29/06/2021,49,0,31,0,1,2
28/06/2021,62,0,27,0,2,4
27/06/2021,64,0,35,0,2,4
26/06/2021,61,0,26,0,2,5
25/06/2021,75,0,33,0,2,3
24/06/2021,60,0,28,0,4,7
23/06/2021,44,0,29,0,2,4
22/06/2021,30,0,29,0,1,4
21/06/2021, ,0,21,0,1,3
20/06/2021,75,0, ,0, , 
19/06/2021,50,0,21,0,3,6
18/06/2021,57,0,21,0,2,4
17/06/2021,66,0,27,0,2,3
16/06/2021,46,0,29,0,3,4
15/06/2021,74,0,16,0,2,4
14/06/2021,42,0,24,0,3,7
13/06/2021,46,0,23,0,1,4
12/06/2021,79,0,31,0,2,5
11/06/2021,65,0,25,0,3,6
10/06/2021,56,0,32,0,3,7
09/06/2021,53,0,26,0,2,5
08/06/2021,43,0,16,0,3,6
07/06/2021,50,0,17,0,2,5
06/06/2021,50,0,20,0,2,6
05/06/2021,39,0,26,0,2,6
04/06/2021,43,0,25,0,1,4
03/06/2021,73,0,31,0,1,4
02/06/2021,55,0,32,0,2,7
01/06/2021,81,0,19,0,2,6
31/05/2021,70,0,20,0,4,10
30/05/2021,76,0,24,0,2,6
29/05/2021,73,0,37,0,3,7
28/05/2021,51,0,35,0,2,7
27/05/2021,39,0,21,0,1,5
26/05/2021,53,0,17,0,1,4
25/05/2021,72,0,21,0,3,5
24/05/2021,55,0,24,0,6,5
23/05/2021,63,0,23,0,1,4
22/05/2021,61,0,21,0,6,6
21/05/2021,48,0,27,0,2,5
20/05/2021,42,0,24,0,1,5
19/05/2021,47,0,22,0,1,4
18/05/2021,54,0,23,0,2,5
17/05/2021,42,0,13,0,2,5
16/05/2021,58,0,21,0,1,3
15/05/2021,49,0,24,0,1,4
14/05/2021,42,0,26,0,1,4
13/05/2021,43,0,18,0,1,4
12/05/2021,28,0,17,0,1,4
11/05/2021,26,0,16,0,1,3
10/05/2021,41,0,14,0,1,3
09/05/2021,58,0,16,0, ,3
08/05/2021,61,0,19,0,1,4
07/05/2021,52,0,30,0,2,6
06/05/2021,66,0,23,0,2,5
05/05/2021,61,0,26,0,2,6
04/05/2021,55,0,30,0,2,5
03/05/2021,56,0,17,0,2,7
02/05/2021,46,0,25,0,1,4
01/05/2021,53,0,21,0,1,3
30/04/2021,61,0,18,0,2,6
29/04/2021,59,0,27,0,3,5
28/04/2021,54,0,23,0,2,6
27/04/2021,53,0,23,0,3,8
26/04/2021,49,0,25,0,1,6
25/04/2021,52,0,36,0,1,3
24/04/2021,60,0,41,0,1,3
23/04/2021,70,0,41,0,2,7
22/04/2021,62,0,29,0,4,4
21/04/2021,49,0,30,0,3,7
20/04/2021,68,0,27,0,1,4
19/04/2021,51,0,20,0,3,8
18/04/2021,63,0,28,0,1,5
17/04/2021,67,0,17,0,2,6
16/04/2021,46,0,46,0,2,5
15/04/2021,46,0,28,0,1,4
14/04/2021,37,0,26,0,1,4
13/04/2021,40,0,26,0,1,3
12/04/2021,46,0,24,0,1,3
11/04/2021,71,0,37,0,1,4
10/04/2021,65,0,38,0,2,6
09/04/2021,52,0,30,0,1,5
08/04/2021,50,0,32,0,1,6
07/04/2021,49,0,34,0,1,6
06/04/2021,53,0,31,0,1,5
05/04/2021,40,0,28,0,1,6
04/04/2021,58,0,24,0,1,5
03/04/2021,48,0,26,0,1,7
02/04/2021,58,0,30,0,1,5
01/04/2021,52,0,30,0,3,6
31/03/2021,60,0,30,0,2,5
30/03/2021,52,0,22,0,2,6
29/03/2021,58,0,25,0,1,5
28/03/2021,77,0,38,0,1,5
27/03/2021,63,0,41,0,2,6
26/03/2021,68,0,37,0,1,5
25/03/2021,63,0,41,0,3,7
24/03/2021,60,0,42,0,1,5
23/03/2021,56,0,29,0,1,5
22/03/2021,50,0,19,0,1,7
21/03/2021,55,0,33,0,1,9
20/03/2021,75,0,26,0,1,8
19/03/2021,54,0,28,0,2,10
18/03/2021,73,0,20,0,2,8
17/03/2021,53,0,29,0,1,7
16/03/2021,58,0,37,0, ,5
15/03/2021,55,0,29,0, ,5
14/03/2021,71,0,30,0, ,6
13/03/2021,52,0,23,0,1,8
12/03/2021,59,0,19,0, ,5
11/03/2021,56,0,19,0,2,6
10/03/2021,49,0,20,0,1,6
09/03/2021,62,0,14,0, ,7
08/03/2021,72,0,19,0,1,8
07/03/2021,71,0,35,0, ,8
06/03/2021,66,0,41,0,1,7
05/03/2021,50,0,28,0,1,7
04/03/2021,48,0,36,0,1,6
03/03/2021,57,0,17,0,2,5
02/03/2021,43,0,16,0,1,5
01/03/2021,38,0,24,0,1,5
28/02/2021,60,0,23,0,1,5
27/02/2021,56,0,25,0,1,7
26/02/2021,64,0,22,0,1,5
25/02/2021,48,0,23,0,3,5
24/02/2021,85,0,28,0,2,4
23/02/2021,49,0,48,0,3,6
22/02/2021,37,0,24,0,1,5
21/02/2021,51,0,33,0, ,4
20/02/2021,51,0,31,0,1,5
19/02/2021,47,0,18,0,1,5
18/02/2021,41,0,35,0,1,4
17/02/2021,45,0,41,0, ,4
16/02/2021,78,0,40,0, ,5
15/02/2021, ,0,42,0,2,6
14/02/2021,73,0, ,0, , 
13/02/2021,62,0,16,0,1,7
12/02/2021,48,0,28,0,1,7
11/02/2021,49,0,28,0,1,6
10/02/2021,59,0,34,0, ,6
09/02/2021,75,0,43,0,1,6
08/02/2021,48,0,34,0,2,7
07/02/2021,65,0,32,0, ,5
06/02/2021,54,0,38,0,2,7
05/02/2021,50,0,30,0,1,6
04/02/2021,63,0,40,0,1,5
03/02/2021,69,0,38,0,1,5
02/02/2021,51,0,36,0,2,6
01/02/2021,41,0,31,0, ,5
31/01/2021,49,0,36,0, ,3
30/01/2021,59,0,37,0, ,4
29/01/2021,63,0,40,0,1,4
28/01/2021,42,0,44,0,3,5
27/01/2021,73,0,35,0, ,5
26/01/2021,71,0,33,0,1,5
25/01/2021,47,0,35,0,3,7
24/01/2021,59,0,32,0, ,4
23/01/2021,67,0,38,0,1,6
22/01/2021,63,0,25,0,1,5
21/01/2021,70,0,37,0,1,5
20/01/2021,66,0,41,0,1,4
19/01/2021,67,0,43,0,2,6
18/01/2021,55,0,40,0,2,7
17/01/2021,63,0,45,0, ,6
16/01/2021,69,0,38,0,1,7
15/01/2021,68,0,45,0,1,7
14/01/2021,54,0,38,0,3,7
13/01/2021,85,0,33,0,1,5
12/01/2021,63,0,37,0,3,7
11/01/2021,59,0,35,0,1,7
10/01/2021,70,0,39,0, ,6
09/01/2021,77,0,39,0,2,7
08/01/2021,49,0,28,0,3,9
07/01/2021,69,0,40,0,1,5
06/01/2021,47,0,27,0,2,6
05/01/2021,47,0,23,0, ,5
04/01/2021,46,0,19,0, ,5
03/01/2021,46,0,26,0, ,5
02/01/2021,132,0,35,0, ,5
01/01/2021,88,0,45,0,5,7
31/12/2020,54,0,46,0,2,8
30/12/2020,59,0,41,0, ,5
29/12/2020,39,0,31,0,1,6
28/12/2020,61,0,29,0, ,4
27/12/2020,54,0,33,0, ,4
26/12/2020,53,0,19,0, ,6
25/12/2020,69,0,33,0, ,5
24/12/2020,70,0,38,0,3,5
23/12/2020,75,0,36,0,7,5
22/12/2020,57,0,42,0,7,7
21/12/2020,48,0,37,0,4,6
20/12/2020,61,0,34,0,2,6
19/12/2020,62,0,34,0,3,6
18/12/2020,67,0,34,0,5,6
17/12/2020,59,0,25,0,7,7
16/12/2020,75,0,43,0,4,6
15/12/2020,52,0,40,0,6,9
14/12/2020,58,0,44,0,3,5
13/12/2020,78,0,46,0,3,5
12/12/2020,81,0,46,0,3,8
11/12/2020,66,0,46,0,5,8
10/12/2020,73,0,51,0,4,6
09/12/2020,70,0,37,0,5,7
08/12/2020,52,0,38,0,5,6
07/12/2020,42,0,42,0,2,4
06/12/2020,68,0,39,0,2,4
05/12/2020,62,0,38,0,4,7
04/12/2020,61,0,37,0,4,6
03/12/2020,45,0,36,0,4,4
02/12/2020,59,0,31,0,3,4
01/12/2020,57,0,38,0,3,4
30/11/2020,56,0,44,0,2,4
29/11/2020,82,0,57,0,2,5
28/11/2020,71,0,42,0,5,8
27/11/2020,56,0,39,0,4,6
26/11/2020,50,0,49,0,3,4
25/11/2020,32,0,50,0,1,3
24/11/2020,58,0,37,0,1,3
23/11/2020,76,0,35,0,3,6
22/11/2020,73,0,42,0,5,8
21/11/2020,59,0,35,0,5,8
20/11/2020,95,0,31,0,3,6
19/11/2020,91,0,37,0,10,6
18/11/2020,102,0,33,0,5,6
17/11/2020,125,0,38,0,7,6
16/11/2020,103,0,36,0,9,8
15/11/2020,121,0,50,0,3,5
14/11/2020,107,0,46,0,8,6
13/11/2020,100,0,70,0,5,6
12/11/2020,102,0,62,0,5,5
11/11/2020,98,0,56,0,9,5
10/11/2020,66,0,60,0,8,6
09/11/2020,80,0,54,0,2,4
08/11/2020,77,0,64,0,1, 
07/11/2020,98,0,51,0,2, 
06/11/2020,106,0,51,0,6,9
05/11/2020,82,0,50,0,3,7
04/11/2020,63,0,56,0,4,5
03/11/2020,64,0,51,0,4,6
02/11/2020,64,0,45,0,3,6
01/11/2020,69,0,45,0,3,6
31/10/2020,66,0,52,0,3,7
30/10/2020,60,0,38,0,2,5
29/10/2020,65,0,46,0,2,5
28/10/2020,84,0,30,0,3,6
27/10/2020,76,0,31,0,3,6
26/10/2020,72,0,50,0,3,6
25/10/2020,69,0,59,0,3,7
24/10/2020,49,0,45,0,3,8
23/10/2020,43,0,42,0,2,4
22/10/2020,47,0,43,0,1,3
21/10/2020,77,0,37,0,3,4
20/10/2020,71,0,45,0,5,8
19/10/2020,52,0,33,0,2,6
18/10/2020,53,0,40,0,2,5
17/10/2020,47,0,37,0,2,5
16/10/2020,51,0,42,0,1,4
15/10/2020,63,0,59,0,1,4
14/10/2020,57,0,53,0,2,6
13/10/2020,40,0,52,0,2,5
12/10/2020,41,0,65,0, ,4
11/10/2020,66,0,72,0, ,4
10/10/2020,50,0,84,0,1,4
09/10/2020,35,0,68,0,1,4
08/10/2020,50,0,70,0, ,4
07/10/2020,41,0,56,0,1,4
06/10/2020,40,0,61,0,1,3
05/10/2020,42,0,48,0,1,3
04/10/2020,67,0,41,0,1,4
03/10/2020,55,0,38,0,2,5
02/10/2020,36,0,47,0,1,4
01/10/2020,47,0,44,0,1,3
30/09/2020, ,0,25,0,1,3
24/09/2020,51,0, ,0, , 
23/09/2020,46,0,49,0,2,6
22/09/2020,36,0,57,0,1,5
21/09/2020,38,0,54,0,1,5
20/09/2020,72,0,38,0,1,5
19/09/2020,82,0,41,0,4,9
18/09/2020,77,0,54,0,2,7
17/09/2020,67,0,53,0,3,8
16/09/2020,56,0,46,0,3,8
15/09/2020,40,0,41,0,1,5
14/09/2020,38,0,43,0,1,4
13/09/2020,55,0,39,0,1,3
12/09/2020,56,0,41,0,1,4
11/09/2020,54,0,53,0,1,4
10/09/2020,45,0,52,0,1,4
09/09/2020,59,0,54,0,1,3
08/09/2020,48,0,48,0,2,5
07/09/2020,49,0,48,0,1,4
06/09/2020,46,0,63,0,1,4
05/09/2020,35,0,44,0,1,3
04/09/2020,43,0,45,0,1,3
03/09/2020,52,0,41,0,1,4
02/09/2020,39,0,41,0,2,4
01/09/2020,58,0,37,0,1,3
31/08/2020,59,0,47,0,1,3
30/08/2020,59,0,60,0,2,5
29/08/2020,58,0,30,0,2,4
28/08/2020,54,0,35,0,1,3
27/08/2020,64,0,57,0,1,3
26/08/2020,52,0,40,0,2,5
25/08/2020,52,0,42,0,1,7
24/08/2020,42,0,39,0,1,7
23/08/2020,56,0,57,0,1,3
22/08/2020,40,0,43,0,1,5
21/08/2020,70,0,30,0,1,3
20/08/2020,57,0,32,0,3,4
19/08/2020,54,0,36,0,1,4
18/08/2020,67,0,39,0,1,4
17/08/2020,42,0,53,0,4,6
16/08/2020,94,0,51,0,1,4
15/08/2020,66,0,31,0,7,9
14/08/2020,51,0,42,0,2,6
13/08/2020,57,0,33,0,1,5
12/08/2020,50,0,39,0,2,5
11/08/2020,38,0,51,0,1,4
10/08/2020,37,0,36,0,1,3
09/08/2020,42,0,34,0, ,3
08/08/2020,46,0,35,0,1,3
07/08/2020,52,0,37,0,1,3
06/08/2020,57,0,33,0,2,4
05/08/2020,38,0,39,0,1,3
04/08/2020,40,0,44,0,1,2
03/08/2020,42,0,37,0,1,2
02/08/2020,34,0,46,0,1,2
01/08/2020,32,0,35,0,1,2
31/07/2020,33,0,31,0,1,2
30/07/2020,69,0,28,0,1,2
29/07/2020,54,0,33,0,4,8
28/07/2020,46,0,37,0,2,7
27/07/2020,39,0,33,0,2,5
26/07/2020,69,0,34,0,1,4
25/07/2020,59,0,27,0,3,9
24/07/2020,69,0,31,0,3,6
23/07/2020,64,0,39,0,3,5
22/07/2020,63,0,36,0,3,4
21/07/2020,33,0,40,0,2,5
20/07/2020,43,0,35,0,1,3
19/07/2020,35,0,36,0,1,3
18/07/2020,43,0,47,0,1,2
17/07/2020,51,0,54,0,1,8
16/07/2020,30,0,52,0,1,4
15/07/2020,47,0,45,0,1,4
14/07/2020,62,0,46,0,2,4
13/07/2020,73,0,36,0,3,7
12/07/2020,85,0,52,0,2,6
11/07/2020,53,0,43,0,2,7
10/07/2020,63,0,40,0,1,4
09/07/2020,63,0,41,0,3,5
08/07/2020,60,0,34,0,3,5
07/07/2020,71,0,30,0,3,6
06/07/2020,63,0,35,0,4,7
05/07/2020,69,0,44,0,2,5
04/07/2020,68,0,27,0,3,7
03/07/2020,72,0,29,0,3,6
02/07/2020,60,0,26,0,2,5
01/07/2020,52,0,38,0,2,5
30/06/2020,53,0,47,0,2,4
29/06/2020,60,0,34,0,3,4
28/06/2020,57,0,45,0,1,4
27/06/2020,53,0,44,0,2,4
26/06/2020,56,0,33,0,2,4
25/06/2020,66,0,34,0,2,4
24/06/2020,41,0,37,0,3,5
23/06/2020,40,0,31,0,2,4
22/06/2020,33,0,33,0,2,4
21/06/2020,43,0,29,0,1,3
20/06/2020,54,0,19,0,2,4
19/06/2020,44,0,28,0,2,5
18/06/2020,47,0,39,0,1,3
17/06/2020,53,0,34,0,1,3
16/06/2020,37,0,29,0,2,4
15/06/2020,38,0,26,0,1,5
14/06/2020,74,0,26,0,1,6
13/06/2020,81,0,45,0,3,7
12/06/2020,66,0,42,0,2,9
11/06/2020,61,0,77,0,1,6
10/06/2020,43,0,57,0,2,7
09/06/2020,34,0,44,0,1,5
08/06/2020,34,0,36,0,1,4
07/06/2020,38,0,35,0, ,4
06/06/2020,34,0,40,0,1,4
05/06/2020,45,0,30,0,1,4
04/06/2020,64,0,39,0,1,5
03/06/2020,42,0,37,0,3,7
02/06/2020,52,0,24,0,1,4
01/06/2020,38,0,30,0,2,5
31/05/2020,36,0,34,0, ,3
30/05/2020,49,0,27,0,1,3
29/05/2020,51,0,33,0,1,3
28/05/2020,41,0,39,0,1,4
27/05/2020,26,0,29,0, ,2
26/05/2020,26,0,23,0, ,2
25/05/2020,35,0,29,0, ,3
24/05/2020,44,0,30,0, ,4
23/05/2020,52,0,32,0,1,4
22/05/2020, ,0,32,0,1,5
20/05/2020,46,0, ,0, , 
19/05/2020,46,0,15,0,5,10
18/05/2020,36,0,21,0,1,4
17/05/2020,28,0,14,0,1,4
16/05/2020,44,0,27,0, ,3
15/05/2020,56,0,42,0,1,3
14/05/2020,62,0,32,0,1,4
13/05/2020,44,0,35,0,1,4
12/05/2020,56,0,25,0,1,5
11/05/2020,40,0,42,0,1,5
10/05/2020,32,0,29,0, ,4
09/05/2020,35,0,24,0, ,3
08/05/2020,52,0,26,0, ,4
07/05/2020,54,0,29,0,2,5
06/05/2020,46,0,31,0,1,4
05/05/2020,51,0,28,0,1,4
04/05/2020,37,0,29,0,1,5
03/05/2020,52,0,26,0, ,3
02/05/2020,57,0,29,0,1,4
01/05/2020,50,0,26,0,1,4
30/04/2020,53,0,28,0,1,4
29/04/2020,50,0,25,0,1,3
28/04/2020,40,0,35,0,1,4
27/04/2020,54,0,38,0, ,5
26/04/2020,50,0,43,0, ,5
25/04/2020,43,0,37,0, ,5
24/04/2020,43,0,37,0, ,4
23/04/2020,48,0,28,0, ,4
22/04/2020,34,0,44,0, ,4
21/04/2020,37,0,31,0, ,3
20/04/2020,48,0,30,0, ,3
19/04/2020,56,0,37,0, ,4
18/04/2020,65,0,51,0, ,4
17/04/2020,58,0,54,0,1,4
16/04/2020,36,0,43,0,1,4
15/04/2020,30,0,40,0, ,4
14/04/2020,32,0,33,0, ,5
13/04/2020,41,0,37,0, ,5
12/04/2020,35,0,33,0, ,5
11/04/2020,57,0,29,0, ,4
10/04/2020,49,0,33,0, ,5
09/04/2020,36,0,30,0, ,4
08/04/2020,40,0,38,0, ,3
07/04/2020,37,0,35,0,1,4
06/04/2020,46,0,39,0,2,3
05/04/2020,38,0,35,0,2,4
04/04/2020,31,0,36,0,2,3
03/04/2020,44,0,34,0,1,2
02/04/2020,34,0,32,0,1,4
01/04/2020,50,0,40,0,1,4
31/03/2020,67,0,42,0,1,6
30/03/2020,58,0,58,0, ,6
29/03/2020,32,0,71,0, ,5
28/03/2020,59,0,56,0, ,4
27/03/2020,63,0,50,0, ,4
26/03/2020,91,0,64,0,1,4
25/03/2020,77,0,54,0,1,4
24/03/2020,63,0,61,0, ,4
23/03/2020,45,0,50,0, ,3
22/03/2020,40,0,37,0, ,2
21/03/2020,43,0,31,0, ,2
20/03/2020,45,0,36,0, ,2
19/03/2020,53,0,49,0, ,2
18/03/2020,44,0,67,0, ,2
17/03/2020,53,0,51,0,5,3
16/03/2020, ,0,21,0,9,3
15/03/2020,54,0, ,0, , 
14/03/2020,62,0,32,0,3,7
13/03/2020,72,0,46,0,4,7
12/03/2020,78,0,45,0,4,8
11/03/2020,77,0,48,0,4,9
10/03/2020,67,0,43,0,4,8
09/03/2020,60,0,48,0,4,7
08/03/2020,64,0,53,0,3,6
07/03/2020,73,0,36,0,3,5
06/03/2020,50,0,31,0,4,9
05/03/2020,53,0,33,0,3,7
04/03/2020,69,0,36,0,3,5
03/03/2020,65,0,41,0,4,7
02/03/2020,64,0,74,0,3,6
01/03/2020,63,0,46,0,3,6
29/02/2020,64,0,36,0,3,6
28/02/2020,61,0,43,0,4,8
27/02/2020,55,0,37,0,3,7
26/02/2020,64,0,27,0,3,7
25/02/2020,58,0,46,0,3,6
24/02/2020,56,0,33,0,2,6
23/02/2020,63,0,49,0,3,7
22/02/2020,66,0,18,0,4,7
21/02/2020,67,0,27,0,4,8
20/02/2020,64,0,43,0,3,8
19/02/2020,48,0,34,0,3,7
18/02/2020,42,0,40,0,2,6
17/02/2020,49,0,31,0,2,5
16/02/2020,52,0,43,0,2,6
15/02/2020,69,0,55,0,3,7
14/02/2020,69,0,45,0,4,7
13/02/2020,70,0,39,0,3,6
12/02/2020, ,0,28,0,4,7
08/02/2020,65,0, ,0, , 
07/02/2020,69,0,44,0,2,5
06/02/2020,72,0,55,0,4,5
05/02/2020,60,0,57,0,4,5
04/02/2020,57,0,39,0,3,5
03/02/2020,55,0,47,0,3,5
02/02/2020,93,0,45,0,4,6
01/02/2020,66,0,28,0,6,11
31/01/2020,74,0,52,0,3,6
30/01/2020,68,0,49,0,4,7
29/01/2020,68,0,24,0,4,6
28/01/2020,49,0,40,0,4,6
27/01/2020,56,0,35,0,1,4
26/01/2020,76,0,40,0,1,4
25/01/2020,51,0,39,0,4,9
24/01/2020,56,0,45,0,2,4
23/01/2020,45,0,34,0,2,4
22/01/2020,59,0,14,0,2,6
21/01/2020,61,0,11,0,3,10
20/01/2020,36,0,25,0,2,8
19/01/2020,34,0,26,0,1,5
18/01/2020,38,0,20,0,1,5
17/01/2020,44,0,21,0,1,5
16/01/2020,44,0,23,0,1,5
15/01/2020,47,0,26,0,2,4
14/01/2020,37,0,34,0,2,4
13/01/2020,40,0,26,0,1,3
12/01/2020,51,0,19,0,1,3
11/01/2020,48,0,23,0,2,5
10/01/2020,52,0,28,0,2,3
09/01/2020,69,0,30,0,2,2
08/01/2020,84,0,52,0,2,4
07/01/2020,49,0,40,0,2,5
06/01/2020,52,0,25,0, ,9
05/01/2020,49,0,37,0, ,10
04/01/2020,67,0,36,0,1,8
03/01/2020,49,0,33,0,3,7
02/01/2020,65,0,21,0,2,5
01/01/2020, ,0,20,0,4,4
30/12/2019,58,0, ,0, , 
29/12/2019,65,0,34,0,2,4
28/12/2019,60,0,29,0,3,5
27/12/2019,48,0,26,0,3,5
26/12/2019,52,0,29,0,2,2
25/12/2019,52,0,33,0,2,3
24/12/2019,72,0,25,0,3,4
23/12/2019,62,0,25,0,3,3
22/12/2019,60,0,24,0,3,5
21/12/2019,77,0,28,0,4,5
20/12/2019,77,0,19,0,4,5
19/12/2019,72,0,26,0,4,4
18/12/2019,54,0,32,0,3,3
17/12/2019,64,0,36,0,2,2
16/12/2019,76,0,40,0,3,4
15/12/2019,79,0,43,0,3,4
14/12/2019,85,0,32,0,3,3
13/12/2019,64,0,58,0,4,4
12/12/2019,67,0,31,0,3,3
11/12/2019,64,0,39,0,3,2
10/12/2019,71,0,34,0,2,2
09/12/2019,46,0,31,0,3,4
08/12/2019,56,0,40,0,2,3
07/12/2019,74,0,39,0,2,3
06/12/2019,61,0,35,0,3,4
05/12/2019,67,0,36,0,2,3
04/12/2019,53,0,34,0,4,4
03/12/2019,59,0,32,0,2,4
02/12/2019,66,0,32,0,3,4
01/12/2019,65,0,34,0,3, 
30/11/2019,81,0,41,0,2, 
29/11/2019,57,0,22,0,3,4
28/11/2019,52,0,25,0,3,4
27/11/2019,54,0,23,0,4,3
26/11/2019,67,0,27,0,3,3
25/11/2019,67,0,35,0,4,3
24/11/2019,67,0,52,0,3,4
23/11/2019,67,0,34,0,2,3
22/11/2019,62,0,36,0,2,3
21/11/2019,61,0,23,0,2,5
20/11/2019,79,0,32,0,3,5
19/11/2019,66,0,25,0,4,6
18/11/2019,45,0,29,0,3,5
17/11/2019,60,0,35,0,2,4
16/11/2019,63,0,27,0,3,5
15/11/2019,61,0,18,0,3,5
14/11/2019,65,0,30,0,3,5
13/11/2019,67,0,21,0,3,6
12/11/2019,63,0,22,0,3,6
11/11/2019,58,0,24,0,2,5
10/11/2019,62,0,36,0,2,4
09/11/2019,52,0,29,0,2,5
08/11/2019,62,0,40,0,2,4
07/11/2019,65,0,35,0,4,4
06/11/2019,55,0,40,0,3,5
05/11/2019,60,0,36,0,2,4
04/11/2019,57,0,44,0,2,3
03/11/2019,55,0,49,0,1,3
02/11/2019,65,0,40,0,1,4
01/11/2019,72,0,50,0,2,4
31/10/2019,62,0,41,0,2,5
30/10/2019,62,0,39,0,3,4
29/10/2019,56,0,40,0,2,4
28/10/2019,59,0,39,0,2,5
27/10/2019,60,0,39,0,3,6
26/10/2019,56,0,28,0,3,6
25/10/2019,69,0,22,0,2,6
24/10/2019,48,0,35,0,5,8
23/10/2019,61,0,31,0,2,5
22/10/2019, ,0,30,0,2,6
19/10/2019,103,0,6,0,2,5
18/10/2019,77,0,42,0,3,7
17/10/2019,79,0,35,0,3,6
16/10/2019,72,0,40,0,3,5
15/10/2019,64,0,33,0,3,5
14/10/2019,49,0,40,0,2,4
13/10/2019,65,0,35,0,2,3
12/10/2019,55,0,41,0,3,3
11/10/2019,62,0,32,0,2,4
10/10/2019,53,0,35,0,1,3
09/10/2019,61,0,42,0,2,3
08/10/2019,74,0,35,0,2,3
07/10/2019,63,0,34,0,3,5
06/10/2019,55,0,40,0,1,4
05/10/2019,59,0,49,0,2,6
04/10/2019,89,0,41,0,3,4
03/10/2019,73,0,38,0,9,4
02/10/2019,94,0,41,0,3,5
01/10/2019,68,0,59,0,5,6
30/09/2019,59,0,35,0,2,5
29/09/2019,80,0,41,0,3,5
28/09/2019,57,0,42,0,3,5
27/09/2019,59,0,47,0,2,4
26/09/2019,82,0,50,0,1,3
25/09/2019,73,0,48,0,1,4
24/09/2019,66,0,49,0,3,7
23/09/2019,46,0,39,0,1,3
22/09/2019,94,0,39,0,1,3
21/09/2019,110,0,52,0,4,6
20/09/2019,97,0,56,0,2,5
19/09/2019,97,0,47,0,2,4
18/09/2019,60,0,48,0,2,4
17/09/2019,51,0,41,0,1,4
16/09/2019,62,0,46,0,1,4
15/09/2019,79,0,35,0,1,5
14/09/2019,66,0,37,0,1,5
13/09/2019,83,0,41,0,1,4
12/09/2019,68,0,34,0,3,5
11/09/2019,70,0,37,0,2,5
10/09/2019,64,0,48,0,2,4
09/09/2019,44,0,39,0,1,3
08/09/2019,44,0,45,0, ,2
07/09/2019,47,0,41,0,1,3
06/09/2019,63,0,33,0,1,3
05/09/2019,63,0,37,0,2,4
04/09/2019,70,0,38,0,1,3
03/09/2019,66,0,46,0,3,4
02/09/2019,56,0,50,0,1,5
01/09/2019,60,0,42,0, ,4
31/08/2019,47,0,43,0,1,5
30/08/2019,49,0,55,0,1,3
29/08/2019,59,0,40,0,1,3
28/08/2019,49,0,40,0,1,4
27/08/2019,53,0,47,0, ,3
26/08/2019,54,0,46,0,1,3
25/08/2019,71,0,41,0,1,3
24/08/2019,58,0,39,0, ,3
23/08/2019,49,0,42,0, ,3
22/08/2019,53,0,42,0,1,3
21/08/2019,48,0,41,0,1,2
20/08/2019,45,0,31,0,1,2
19/08/2019,41,0,32,0,1,2
18/08/2019,55,0,35,0, ,2
17/08/2019,62,0,43,0,1,3
16/08/2019,90,0,58,0,1,2
15/08/2019,84,0,57,0, ,3
14/08/2019,44,0,72,0, ,4
13/08/2019,49,0,32,0,1,4
12/08/2019,47,0,36,0,1,4
11/08/2019,48,0,32,0, ,4
10/08/2019,51,0,29,0,1,4
09/08/2019,51,0,31,0,1,3
08/08/2019,46,0,34,0,1,3
07/08/2019,44,0,34,0,1,3
06/08/2019,46,0,38,0,1,3
05/08/2019,46,0,38,0,1,3
04/08/2019,55,0,31,0,1,3
03/08/2019,71,0,30,0,2,4
02/08/2019,56,0,29,0,3,5
01/08/2019,48,0,33,0,2,4
31/07/2019,81,0,28,0,1,3
30/07/2019,50,0,37,0,3,5
29/07/2019,45,0,38,0,1,2
28/07/2019,75,0,25,0,1,3
27/07/2019,54,0,31,0,1,3
26/07/2019,65,0,30,0,2,4
25/07/2019,56,0,24,0,3,5
24/07/2019,85,0,27,0,2,4
23/07/2019,69,0,19,0,4,5
22/07/2019,41,0,26,0,2,3
21/07/2019,51,0,27,0,1,2
20/07/2019,55,0,25,0,1,2
19/07/2019,42,0,30,0,1,1
18/07/2019,43,0,29,0,1,1
17/07/2019,44,0,29,0,1,1
16/07/2019,64,0,30,0,1,1
15/07/2019,49,0,29,0,2,3
14/07/2019,65,0,23,0,2,3
13/07/2019,60,0,24,0,2,4
12/07/2019,53,0,28,0,2,3
11/07/2019,38,0,38,0,2,4
10/07/2019,46,0,35,0,1,4
09/07/2019,56,0,29,0,1,5
08/07/2019,36,0,24,0,3,5
07/07/2019,51,0,23,0,2,4
06/07/2019,61,0,24,0,2,5
05/07/2019,60,0,27,0,3,6
04/07/2019,75,0,38,0,3,5
03/07/2019,72,0,35,0,3,7
02/07/2019,42,0,23,0,4,6
01/07/2019,44,0,27,0,1,3
30/06/2019,39,0,29,0,2,3
29/06/2019,54,0,21,0,1,3
28/06/2019,50,0,27,0,2,3
27/06/2019,52,0,29,0,2,2
26/06/2019,61,0,32,0,2,2
25/06/2019,53,0,42,0,3,4
24/06/2019,33,0,22,0,2,6
23/06/2019,49,0,22,0,1,5
22/06/2019,49,0,24,0,1,5
21/06/2019,47,0,21,0,1,4
20/06/2019,7,0,22,0,1,3
19/06/2019, ,0,30,0,1,3
18/06/2019, ,0,24,0,1,2
17/06/2019, ,0,21,0,1,2
16/06/2019, ,0,26,0,2,3
15/06/2019,83,0,28,0,3,6
14/06/2019,59,0,21,0,5,6
13/06/2019,46,0,25,0,3,4
12/06/2019,63,0,21,0,2,3
11/06/2019,48,0,23,0,2,5
10/06/2019,53,0,21,0,2,3
09/06/2019,45,0,27,0,2,4
08/06/2019,65,0,30,0,1,3
07/06/2019,44,0,33,0,2,4
06/06/2019,38,0,33,0,1,2
05/06/2019,29,0,27,0,1,2
04/06/2019,39,0,21,0, ,2
03/06/2019,50,0,24,0,4,2
02/06/2019,56,0,26,0, ,3
01/06/2019,82,0,40,0, ,3
31/05/2019,65,0,27,0,2,6
30/05/2019,57,0,25,0,2,7
29/05/2019,62,0,36,0,1,6
28/05/2019,75,0,34,0,1,6
27/05/2019,56,0,45,0,2,8
26/05/2019,64,0,24,0,1,7
25/05/2019,57,0,29,0,1,6
24/05/2019,69,0,27,0,1,6
23/05/2019,55,0,27,0,2,6
22/05/2019,67,0,22,0,1,4
21/05/2019,80,0,25, ,2,6
20/05/2019,52,0,23, ,3,8
19/05/2019,56,0,20, ,1,5
18/05/2019,51,0,36, ,2,4
17/05/2019,41,0,28, ,2,6
16/05/2019,38,0,28, , ,6
15/05/2019,42,0,25, , ,5
14/05/2019,82,0,26, ,1,7
13/05/2019,65,0,14, ,3,11
12/05/2019,79,0,32, ,1,6
11/05/2019,63,0,45, ,1,8
10/05/2019,51,0,33, ,2,6
09/05/2019,49,0,24, ,1,6
08/05/2019,47,0,36, ,1,4
07/05/2019,45,0,30, ,1,4
06/05/2019,49,0,28, ,1,4
05/05/2019,51,0,32, ,1,4
04/05/2019,65,0,30, ,3,5
03/05/2019,49,0,31, ,4,5
02/05/2019,50,0,35, , ,4
01/05/2019,49,0,40, , ,3
30/04/2019,43,0,26, ,1,4
29/04/2019,32,0,27, , ,5
28/04/2019,44,0,31, , ,4
27/04/2019,75,0,27, ,2,7
26/04/2019,55,0,30, ,4,8
25/04/2019,60,0,30, ,1,6
24/04/2019, ,0,14, ,2,7
20/04/2019,56,0, , , , 
19/04/2019,54,0,27, ,2,5
18/04/2019,56,0,32, ,1,6
17/04/2019,50,0,27, ,1,7
16/04/2019,65,0,28, , ,6
15/04/2019,43,0,29, ,2,7
14/04/2019,64,0,36, , ,6
13/04/2019,54,0,44, ,2,7
12/04/2019,76,0,50, ,1,6
11/04/2019,68,0,46, ,3,8
10/04/2019,60,0,59, ,2,7
09/04/2019,60,0,63, ,1,5
08/04/2019,72,0,52, , ,5
07/04/2019,67,0,74, ,2,6
06/04/2019,77,0,48, ,2,7
05/04/2019,59,0,32, ,1,7
04/04/2019,75,0,15, ,4,7
03/04/2019,59,0,31, ,3,10
02/04/2019,76,0,36, ,3,7
01/04/2019,42,0,12, ,4,11
31/03/2019,65,0,39, ,1,7
30/03/2019,80,0,30, ,4,10
29/03/2019,55,0,38, ,2,8
28/03/2019,75,0,61, ,2,7
27/03/2019,77,0,66, ,2,7
26/03/2019,81,0,49, ,2,6
25/03/2019,82,0,66, ,6,8
24/03/2019,92,0,64, ,6,11
23/03/2019,62,0,44, ,6,13
22/03/2019,69,0,41, ,8,10
21/03/2019,65,0,55, ,2,7
20/03/2019,65,0,32, ,3,8
19/03/2019,64,0,36, ,3,7
18/03/2019,57,0,57, ,3,6
17/03/2019,54,0,41, ,3,5
16/03/2019,68,0,45, ,3,5
15/03/2019,71,0,41, ,3,7
14/03/2019,78,0,48, ,3,5
13/03/2019,66,0,42, ,4,6
12/03/2019,47,0,50, ,2,4
11/03/2019,41,0,34, ,2,4
10/03/2019,48,0,37, ,1,3
09/03/2019,50,0,42, ,1,3
08/03/2019,80,0,57, ,2,3
07/03/2019,70,0,65, ,4,7
06/03/2019,75,0,62, ,2,4
05/03/2019,65,0,59, ,2,3
04/03/2019,81,0,43, ,2,4
03/03/2019,74,0,62, ,2,6
02/03/2019,61,0, , , , 
01/03/2019,60,0,42, ,3,12
28/02/2019,60,0,50, ,2,17
27/02/2019,76,0,31, ,3,14
26/02/2019,59,0,36, ,4,8
25/02/2019,39,0,35, ,2,7
24/02/2019,77,0,19, ,2,7
23/02/2019,51,0,31, ,4,9
22/02/2019,55,0,37, ,2,5
21/02/2019,61,0,34, ,3,6
20/02/2019,64,0,34, ,3,7
19/02/2019,67,0,29, ,3,6
18/02/2019,68,0,38, ,2,6
17/02/2019,76,0,53, ,2,4
16/02/2019,65,0,71, ,5,5
15/02/2019,47,0,36, ,3,6
14/02/2019,60,0,38, ,3,4
13/02/2019,64,0,29, ,5,5
12/02/2019,75,0,38, ,4,5
11/02/2019,49,0,39, ,5,7
10/02/2019,68,0,43, ,2,5
09/02/2019,69,0,43, ,4,6
08/02/2019,63,0,40, ,4,6
07/02/2019,50,0,22, ,4,6
06/02/2019,55,0,30, ,3,4
05/02/2019,65,0,28, ,3,5
04/02/2019,58,0,27, ,3,7
03/02/2019,60,0,42, , ,7
02/02/2019,57,0,41, , ,7
01/02/2019,67,0,41, ,1,7
31/01/2019,55,0,34, ,2,8
30/01/2019,59,0,44, ,2,6
29/01/2019,61,0,43, ,2,7
28/01/2019,48,0,35, ,2,6
27/01/2019,51,0,37, ,1,5
26/01/2019,63,0,33, ,1,5
25/01/2019,42,0,31, ,1,6
24/01/2019,45,0,24, ,1,4
23/01/2019,47,0,28, , ,4
22/01/2019,51,0,31, ,1,4
21/01/2019,37,0,25, ,2,6
20/01/2019,55,0,24, ,1,5
19/01/2019,61,0,32, ,2,5
18/01/2019,68,0,30, ,3,7
17/01/2019,77,0,29, ,3,6
16/01/2019,79,0,33, ,2,6
15/01/2019,59,0,32, ,3,7
14/01/2019,49,0,30, ,2,5
13/01/2019,60,0,12, , ,3
12/01/2019,61,0,48, ,2,5
11/01/2019,50,0,31, ,7,4
10/01/2019,78,0,22, ,6,3
09/01/2019,65,0,23, ,8,6
08/01/2019,86,0,7, ,3,5
07/01/2019,64,0,22, ,5,9
06/01/2019,67,0,33, ,4,9
05/01/2019,41,0,37, ,3,6
04/01/2019,43,0,26, ,2,5
03/01/2019,39,0,24, ,2,4
02/01/2019,114,0,24, ,4,4
01/01/2019, ,0,31, ,28,6
31/12/2018,42,0, , , , 
30/12/2018,50,0,32, ,2,4
29/12/2018,50,0,32, ,2,5
28/12/2018,54,0,30, ,2,4
27/12/2018,38,0,31, ,3,5
26/12/2018,52,0,28, ,2,4
25/12/2018,59,0,27, ,3,5
24/12/2018,39,0,27, ,3,7
23/12/2018, ,0,8, ,3,6
22/12/2018,93,0, , , , 
21/12/2018,80,0,28, ,10,12
20/12/2018,71,0,22, ,6,9
19/12/2018,64,0,29, ,4,7
18/12/2018,65,0,36, ,3,6
17/12/2018,48,0,32, ,4,8
16/12/2018,73,0,35, ,4,6
15/12/2018,86,0,30, ,7,10
14/12/2018,59,0, , ,25,15
13/12/2018,41,0,26, ,3,7
12/12/2018,78,0,24, ,2,6
11/12/2018,57,0,25, ,5,10
10/12/2018,43,0,31, ,3,6
09/12/2018,57,0,32, ,2,5
08/12/2018,75,0,30, ,2,6
07/12/2018,86,0,36, ,4,9
06/12/2018,84,0,46, ,3,9
05/12/2018,81,0,54, ,4,8
04/12/2018,68,0,37, ,3,9
03/12/2018,70,0,31, ,3,7
02/12/2018,71,0,47, ,3,9
01/12/2018,65,0,36, ,4,11
30/11/2018,95,0,20, ,3,9
29/11/2018,82,0,22, ,6,11
28/11/2018,64,0,41, ,5,10
27/11/2018,70,0,19, ,3,7
26/11/2018,66,0,28, ,4,8
25/11/2018,81,0,41, ,3,7
24/11/2018,69,0,44, ,4,9
23/11/2018,79,0,52, ,4,7
22/11/2018,83,0,45, ,4,8
21/11/2018,79,0,43, ,5,8
20/11/2018,69,0,38, ,4,7
19/11/2018,64,0,35, ,5,8
18/11/2018,88,0,32, ,4,8
17/11/2018,79,0,33, ,6,12
16/11/2018,77,0,28, ,7,10
15/11/2018,73,0,36, ,9,6
14/11/2018,73,0,41, ,6,7
13/11/2018,75,0,38, ,6,9
12/11/2018,72,0,32, ,5,10
11/11/2018,68,0,35, ,8,8
10/11/2018,77,0,27, ,6,9
09/11/2018,66,0,27, ,7,10
08/11/2018,75,0,32, ,6,7
07/11/2018,66,0,43, ,7,8
06/11/2018,78,0,53, ,6,6
05/11/2018,61,0,20, ,9,8
04/11/2018,60,0,37, ,3,6
03/11/2018,57,0,36, ,5,6
02/11/2018,82,0,56, ,4,7
01/11/2018,83,0,16, ,7,8
31/10/2018,74,0,43, ,8,6
30/10/2018,73,0,44, ,5,6
29/10/2018,69,0,42, ,5,7
28/10/2018,67,0,44, ,4,6
27/10/2018,94,0,33, ,5,6
26/10/2018,93,0,39, ,6,7
25/10/2018,86,0,53, ,8,8
24/10/2018,84,0,75, ,7,7
23/10/2018,106,0,51, ,7,9
22/10/2018,80,0,41, ,8,10
21/10/2018,97,0,57, ,6,7
20/10/2018,95,0,52, ,6,8
19/10/2018,104,0,48, ,9,8
18/10/2018,94,0,61, ,6,6
17/10/2018,85,0,48, ,5,5
16/10/2018,64,0,41, ,5,4
15/10/2018,74,0,60, ,2,4
14/10/2018,102,0,43, ,5,7
13/10/2018,81,0,47, ,13,10
12/10/2018,74,0,34, ,6,9
11/10/2018,71,0,34, ,5,7
10/10/2018,89,0,29, ,6,7
09/10/2018,62,0,6, ,4,8
08/10/2018,82,0, , , , 
07/10/2018,78,0,50, ,2,9
06/10/2018,87,0,43, ,5,10
05/10/2018,90,0,46, ,5,6
04/10/2018,107,0,59, ,4,6
03/10/2018,113,0,58, ,3,6
02/10/2018,107,0,59, ,5,6
01/10/2018,84,0,60, ,4,7
30/09/2018,54,0,51, ,2,4
29/09/2018,58,0,53, ,2,4
28/09/2018,82,0,44, ,2,5
27/09/2018,48,0,47, ,3,8
26/09/2018,36,0,53, ,1,7
25/09/2018, ,0,50, , ,5
24/09/2018,45,0, , , , 
23/09/2018,53,0,38, , ,4
22/09/2018,43,0,47, ,1,6
21/09/2018,41,0,43, ,1,4
20/09/2018,45,0,46, ,1,4
19/09/2018,61,0,49, ,1,5
18/09/2018,77,0,50, ,1,6
17/09/2018,58,0,38, ,3,8
16/09/2018,76,0,50, ,1,9
15/09/2018,75,0,44, ,2,8
14/09/2018, ,0,31, ,2,9
13/09/2018,60,0, , , , 
12/09/2018,76,0,67, ,2,6
11/09/2018,59,0,58, ,1,5
10/09/2018,48,0,50, ,1,4
09/09/2018,63,0,41, ,1,4
08/09/2018,79,0,37, ,2,5
07/09/2018,55,0,45, ,3,8
06/09/2018,63,0,59, ,1,5
05/09/2018,33,0,71, ,1,5
04/09/2018,48,0,45, ,1,4
03/09/2018,56,0,47, ,1,5
02/09/2018,72,0,51, ,1,5
01/09/2018,57,0,46, ,3,7
31/08/2018,57,0,53, ,1,5
30/08/2018,36,0,49, ,1,5
29/08/2018,52,0,43, ,1,3
28/08/2018,47,0,44, ,1,4
27/08/2018,74,0,39, ,1,4
26/08/2018,43,0,47, ,1,4
25/08/2018,38,0,42, ,2,4
24/08/2018,39,0, , , , 
23/08/2018,47,0, , , , 
22/08/2018,43,0, , , , 
21/08/2018,83,0, , , , 
20/08/2018,33,0, , , , 
19/08/2018,44,0, , , , 
18/08/2018,63,0, , , , 
17/08/2018,59,0, , , , 
16/08/2018,44,0, , , , 
15/08/2018,72,0, , , , 
14/08/2018,71,0, , , , 
13/08/2018,33,0, , , , 
12/08/2018,46,0, , , , 
11/08/2018,38,0, , , , 
10/08/2018,37,0, , , , 
09/08/2018,46,0, , , , 
08/08/2018,50,0, , , , 
07/08/2018,41,0, , , , 
06/08/2018,73,0, , , , 
05/08/2018,75,0, , , , 
04/08/2018,68,0, , , , 
03/08/2018,60,0, , , , 
02/08/2018,59,0, , , , 
01/08/2018,91,0, , , , 
31/07/2018,63,0, , , , 
30/07/2018,65,0, , , , 
29/07/2018,60,0, , , , 
28/07/2018,75,0, , , , 
27/07/2018,61,0, , , , 
26/07/2018,67,0, , , , 
25/07/2018,52,0, , , , 
24/07/2018,53,0, , , , 
23/07/2018,61,0, , , , 
22/07/2018,53,0, , , , 
21/07/2018,57,0, , , , 
20/07/2018,55,0, , , , 
19/07/2018,68,0, , , , 
18/07/2018,51,0, , , , 
17/07/2018,53,0, , , , 
16/07/2018,45,0, , , , 
15/07/2018,36,0, , , , 
14/07/2018,44,0, , , , 
13/07/2018,48,0, , , , 
12/07/2018,44,0, , , , 
11/07/2018,47,0, , , , 
10/07/2018,48,0, , , , 
09/07/2018,47,0, , , , 
08/07/2018,45,0, , , , 
07/07/2018,43,0, , , , 
06/07/2018,43,0, , , , 
05/07/2018,49,0, , , , 
04/07/2018,44,0, , , , 
03/07/2018,69,0, , , , 
02/07/2018,45,0, , , , 
01/07/2018,72,0, , , , 
30/06/2018,81,0, , , , 
29/06/2018,63,0, , , , 
28/06/2018,58,0, , , , 
27/06/2018,72,0, , , , 
26/06/2018,52,0, , , , 
25/06/2018,53,0, , , , 
24/06/2018,59,0, , , , 
23/06/2018,51,0, , , , 
22/06/2018,43,0, , , , 
21/06/2018,44,0, , , , 
20/06/2018,37,0, , , , 
19/06/2018,37,0, , , , 
18/06/2018,42,0, , , , 
16/06/2018,44,0, , , , 
15/06/2018,49,0, , , , 
14/06/2018,57,0, , , , 
13/06/2018,50,0, , , , 
12/06/2018,68,0, , , , 
11/06/2018,50,0, , , , 
10/06/2018,49,0, , , , 
09/06/2018,46,0, , , , 
08/06/2018,40,0, , , , 
07/06/2018,42,0, , , , 
06/06/2018,36,0, , , , 
05/06/2018,40,0, , , , 
04/06/2018,39,0, , , , 
03/06/2018,54,0, , , , 
02/06/2018,49,0, , , , 
01/06/2018,59,0, , , , 
31/05/2018,77,0, , , , 
30/05/2018,83,0, , , , 
29/05/2018,71,0, , , , 
28/05/2018,98,0, , , , 
27/05/2018,58,0, , , , 
26/05/2018,65,0, , , , 
25/05/2018,63,0, , , , 
24/05/2018,85,0, , , , 
23/05/2018,74,0, , , , 
22/05/2018,57,0, , , , 
21/05/2018,74,0, , , , 
20/05/2018,71,0, , , , 
19/05/2018,66,0, , , , 
18/05/2018,53,0, , , , 
17/05/2018,75,0, , , , 
16/05/2018,76,0, , , , 
15/05/2018,78,0, , , , 
14/05/2018,120,0, , , , 
13/05/2018,72,0, , , , 
12/05/2018,87,0, , , , 
11/05/2018,73,0, , , , 
10/05/2018,67,0, , , , 
09/05/2018,75,0, , , , 
08/05/2018,51,0, , , , 
07/05/2018,64,0, , , , 
06/05/2018,70,0, , , , 
05/05/2018,62,0, , , , 
04/05/2018,57,0, , , , 
03/05/2018,41,0, , , , 
02/05/2018,70,0, , , , 
01/05/2018,59,0, , , , 
30/04/2018,55,0, , , , 
29/04/2018,57,0, , , , 
28/04/2018,56,0, , , , 
27/04/2018,61,0, , , , 
26/04/2018,55,0, , , , 
25/04/2018,60,0, , , , 
24/04/2018,29,0, , , , 
23/04/2018,43,0, , , , 
21/04/2018,71,0, , , , 
20/04/2018,37,0, , , , 
19/04/2018,51,0, , , , 
18/04/2018,45,0, , , , 
17/04/2018,50,0, , , , 
16/04/2018,34,0, , , , 
15/04/2018,71,0, , , , 
14/04/2018,70,0, , , , 
13/04/2018,73,0, , , , 
12/04/2018,91,0, , , , 
11/04/2018,69,0, , , , 
10/04/2018,76,0, , , , 
09/04/2018,64,0, , , , 
08/04/2018,90,0, , , , 
07/04/2018,64,0, , , , 
06/04/2018,80,0, , , , 
05/04/2018,51,0, , , , 
04/04/2018,78,0, , , , 
03/04/2018,62,0, , , , 
02/04/2018,40,0, , , , 
01/04/2018,68,0, , , , 
31/03/2018,72,0, , , , 
30/03/2018,94,0, , , , 
29/03/2018,71,0, , , , 
28/03/2018,81,0, , , , 
27/03/2018,84,0, , , , 
26/03/2018,64,0, , , , 
25/03/2018,84,0, , , , 
24/03/2018,81,0, , , , 
23/03/2018,86,0, , , , 
22/03/2018,70,0, , , , 
21/03/2018,76,0, , , , 
20/03/2018,58,0, , , , 
19/03/2018,75,0, , , , 
18/03/2018,85,0, , , , 
17/03/2018,74,0, , , , 
16/03/2018,86,0, , , , 
15/03/2018,66,0, , , , 
14/03/2018,74,0, , , , 
13/03/2018,50,0, , , , 
12/03/2018,106,0, , , , 
11/03/2018,41,0, , , , 
10/03/2018,57,0, , , , 
09/03/2018,64,0, , , , 
08/03/2018,46,0, , , , 
07/03/2018,72,0, , , , 
06/03/2018,79,0, , , , 
05/03/2018,65,0, , , , 
04/03/2018,64,0, , , , 
03/03/2018,60,0, , , , 
02/03/2018,81,0, , , , 
01/03/2018,68,0, , , , 
28/02/2018,67,0, , , , 
27/02/2018,58,0, , , , 
26/02/2018,49,0, , , , 
25/02/2018,44,0, , , , 
24/02/2018,46,0, , , , 
23/02/2018,59,0, , , , 
22/02/2018,47,0, , , , 
21/02/2018,57,0, , , , 
20/02/2018,45,0, , , , 
19/02/2018,78,0, , , , 
18/02/2018,80,0, , , , 
17/02/2018,78,0, , , , 
16/02/2018,73,0, , , , 
15/02/2018,87,0, , , , 
14/02/2018,88,0, , , , 
13/02/2018,85,0, , , , 
12/02/2018,73,0, , , , 
11/02/2018,83,0, , , , 
10/02/2018,70,0, , , , 
09/02/2018,71,0, , , , 
08/02/2018,65,0, , , , 
07/02/2018,58,0, , , , 
06/02/2018,58,0, , , , 
05/02/2018,64,0, , , , 
04/02/2018,81,0, , , , 
03/02/2018,73,0, , , , 
02/02/2018,57,0, , , , 
01/02/2018,78,0, , , , 
31/01/2018,38,0, , , , 
30/01/2018,53,0, , , , 
29/01/2018,53,0, , , , 
28/01/2018,83,0, , , , 
27/01/2018,54,0, , , , 
26/01/2018,40,0, , , , 
25/01/2018,42,0, , , , 
24/01/2018,46,0, , , , 
23/01/2018,51,0, , , , 
21/01/2018,46,0, , , , 
20/01/2018,62,0, , , , 
19/01/2018,69,0, , , , 
18/01/2018,70,0, , , , 
17/01/2018,81,0, , , , 
16/01/2018,67,0, , , , 
15/01/2018,46,0, , , , 
14/01/2018,78,0, , , , 
13/01/2018,78,0, , , , 
12/01/2018,93,0, , , , 
11/01/2018,85,0, , , , 
10/01/2018,84,0, , , , 
09/01/2018,73,0, , , , 
08/01/2018,60,0, , , , 
07/01/2018,90,0, , , , 
06/01/2018,96,0, , , , 
05/01/2018,66,0, , , , 
04/01/2018,90,0, , , , 
03/01/2018,95,0, , , , 
02/01/2018,135,0, , , , 
01/01/2018,73,0, , , , 
30/12/2017,58,0, , , , 
29/12/2017,83,0, , , , 
28/12/2017,60,0, , , , 
27/12/2017,56,0, , , , 
26/12/2017,51,0, , , , 
25/12/2017,69,0, , , , 
24/12/2017,65,0, , , , 
23/12/2017,72,0, , , , 
22/12/2017,74,0, , , , 
21/12/2017,78,0, , , , 
20/12/2017,68,0, , , , 
19/12/2017,68,0, , , , 
18/12/2017,61,0, , , , 
17/12/2017,62,0, , , , 
16/12/2017,64,0, , , , 
15/12/2017,65,0, , , , 
14/12/2017,73,0, , , , 
13/12/2017,77,0, , , , 
12/12/2017,60,0, , , , 
11/12/2017,60,0, , , , 
10/12/2017,75,0, , , , 
09/12/2017,77,0, , , , 
08/12/2017,64,0, , , , 
07/12/2017,50,0, , , , 
06/12/2017,58,0, , , , 
05/12/2017,66,0, , , , 
28/11/2017,71,0, , , , 
27/11/2017,63,0, , , , 
26/11/2017,70,0, , , , 
25/11/2017,87,0, , , , 
24/11/2017,76,0, , , , 
22/11/2017,31,0, , , , 
21/11/2017,85,0, , , , 
20/11/2017,65,0, , , , 
19/11/2017,74,0, , , , 
18/11/2017,84,0, , , , 
17/11/2017,71,0, , , , 
14/11/2017,97,0, , , , 
13/11/2017,66,0, , , , 
12/11/2017,77,0, , , , 
11/11/2017,93,0, , , , 
10/11/2017,102,0, , , , 
09/11/2017,95,0, , , , 
08/11/2017,90,0, , , , 
07/11/2017,87,0, , , , 
06/11/2017,67,0, , , , 
05/11/2017,72,0, , , , 
04/11/2017,76,0, , , , 
03/11/2017,82,0, , , , 
02/11/2017,82,0, , , , 
01/11/2017,93,0, , , , 
31/10/2017,67,0, , , , 
30/10/2017,61,0, , , , 
29/10/2017,72,0, , , , 
28/10/2017,88,0, , , , 
27/10/2017,75,0, , , , 
26/10/2017,72,0, , , , 
25/10/2017,54,0, , , , 
24/10/2017,58,0, , , , 
23/10/2017,67,0, , , , 
22/10/2017,95,0, , , , 
21/10/2017,61,0, , , , 
20/10/2017,50,0, , , , 
19/10/2017,44,0, , , , 
18/10/2017,39,0, , , , 
17/10/2017,44,0, , , , 
16/10/2017,49,0, , , , 
15/10/2017,59,0, , , , 
14/10/2017,73,0, , , , 
13/10/2017,60,0, , , , 
12/10/2017,64,0, , , , 
11/10/2017,57,0, , , , 
10/10/2017,64,0, , , , 
09/10/2017,61,0, , , , 
08/10/2017,58,0, , , , 
07/10/2017,88,0, , , , 
06/10/2017,63,0, , , , 
05/10/2017,66,0, , , , 
04/10/2017,84,0, , , , 
03/10/2017,93,0, , , , 
02/10/2017,58,0, , , , 
01/10/2017,83,0, , , , 
30/09/2017,94,0, , , , 
29/09/2017,95,0, , , , 
28/09/2017,79,0, , , , 
27/09/2017,62,0, , , , 
26/09/2017,90,0, , , , 
24/09/2017,61,0, , , , 
23/09/2017,65,0, , , , 
22/09/2017,91,0, , , , 
21/09/2017,100,0, , , , 
20/09/2017,101,0, , , , 
19/09/2017,59,0, , , , 
18/09/2017,40,0, , , , 
17/09/2017,59,0, , , , 
16/09/2017,66,0, , , , 
15/09/2017,76,0, , , , 
13/09/2017,68,0, , , , 
12/09/2017,57,0, , , , 
11/09/2017,83,0, , , , 
06/09/2017,41,0, , , , 
05/09/2017,50,0, , , , 
04/09/2017,43,0, , , , 
03/09/2017,52,0, , , , 
02/09/2017,64,0, , , , 
01/09/2017,44,0, , , , 
31/08/2017,50,0, , , , 
30/08/2017,40,0, , , , 
29/08/2017,65,0, , , , 
28/08/2017,63,0, , , , 
27/08/2017,53,0, , , , 
26/08/2017,58,0, , , , 
25/08/2017,60,0, , , , 
24/08/2017,63,0, , , , 
23/08/2017,49,0, , , , 
22/08/2017,42,0, , , , 
21/08/2017,72,0, , , , 
20/08/2017,62,0, , , , 
19/08/2017,85,0, , , , 
18/08/2017,68,0, , , , 
17/08/2017,70,0, , , , 
16/08/2017,56,0, , , , 
15/08/2017,50,0, , , , 
14/08/2017,46,0, , , , 
13/08/2017,74,0, , , , 
12/08/2017,65,0, , , , 
11/08/2017,57,0, , , , 
10/08/2017,53,0, , , , 
09/08/2017,61,0, , , , 
08/08/2017,52,0, , , , 
07/08/2017,46,0, , , , 
06/08/2017,45,0, , , , 
05/08/2017,63,0, , , , 
04/08/2017,52,0, , , , 
03/08/2017,66,0, , , , 
02/08/2017,61,0, , , , 
01/08/2017,54,0, , , , 
31/07/2017,46,0, , , , 
30/07/2017,49,0, , , , 
29/07/2017,52,0, , , , 
28/07/2017,51,0, , , , 
27/07/2017,37,0, , , , 
26/07/2017,39,0, , , , 
25/07/2017,69,0, , , , 
24/07/2017,40,0, , , , 
23/07/2017,42,0, , , , 
22/07/2017,53,0, , , , 
21/07/2017,58,0, , , , 
20/07/2017,46,0, , , , 
19/07/2017,41,0, , , , 
18/07/2017,63,0, , , , 
17/07/2017,83,0, , , , 
16/07/2017,85,0, , , , 
15/07/2017,59,0, , , , 
14/07/2017,55,0, , , , 
13/07/2017,47,0, , , , 
12/07/2017,48,0, , , , 
11/07/2017,46,0, , , , 
10/07/2017,37,0, , , , 
09/07/2017,39,0, , , , 
08/07/2017,38,0, , , , 
07/07/2017,41,0, , , , 
06/07/2017,50,0, , , , 
05/07/2017,46,0, , , , 
04/07/2017,41,0, , , , 
03/07/2017,37,0, , , , 
02/07/2017,45,0, , , , 
01/07/2017,37,0, , , , 
30/06/2017,71,0, , , , 
29/06/2017,81,0, , , , 
28/06/2017,77,0, , , , 
27/06/2017,61,0, , , , 
26/06/2017,48,0, , , , 
25/06/2017,55,0, , , , 
24/06/2017,77,0, , , , 
23/06/2017,81,0, , , , 
22/06/2017,53,0, , , , 
21/06/2017,58,0, , , , 
20/06/2017,62,0, , , , 
19/06/2017,71,0, , , , 
18/06/2017,74,0, , , , 
17/06/2017,56,0, , , , 
16/06/2017,37,0, , , , 
15/06/2017,47,0, , , , 
14/06/2017,63,0, , , , 
13/06/2017,57,0, , , , 
12/06/2017,70,0, , , , 
11/06/2017,61,0, , , , 
10/06/2017,73,0, , , , 
09/06/2017,63,0, , , , 
08/06/2017,60,0, , , , 
07/06/2017,60,0, , , , 
06/06/2017,44,0, , , , 
05/06/2017,37,0, , , , 
04/06/2017,40,0, , , , 
03/06/2017,54,0, , , , 
02/06/2017,44,0, , , , 
01/06/2017,70,0, , , , 
31/05/2017,60,0, , , , 
30/05/2017,54,0, , , , 
29/05/2017,37,0, , , , 
28/05/2017,58,0, , , , 
27/05/2017,79,0, , , , 
26/05/2017,45,0, , , , 
25/05/2017,46,0, , , , 
24/05/2017,76,0, , , , 
23/05/2017,65,0, , , , 
22/05/2017,53,0, , , , 
21/05/2017,78,0, , , , 
20/05/2017,69,0, , , , 
19/05/2017,88,0, , , , 
18/05/2017,81,0, , , , 
08/11/2016, ,0, , ,1, 
07/11/2016, ,0, , ,1,6
06/11/2016, ,0, , ,1,5
05/11/2016, ,0, , ,1,4
04/11/2016, ,0, , ,3,5
03/11/2016, ,0, , ,2,5
02/11/2016, ,0, , ,2,6
01/11/2016, ,0, , ,2,8
31/10/2016, ,0, , ,2,7
30/10/2016, ,0, , ,1,6
29/10/2016, ,0, , ,4,5
28/10/2016, ,0, , ,2,9
27/10/2016, ,0, , ,2,6
26/10/2016, ,0, , ,3,6
25/10/2016, ,0, , ,3,6
24/10/2016, ,0, , , ,7
22/10/2016, ,0, , ,2, 
21/10/2016, ,0, , ,2,5
20/10/2016, ,0, , ,1,5
19/10/2016, ,0, , ,1,4
18/10/2016, ,0, , ,2,4
17/10/2016, ,0, , ,2,6
16/10/2016, ,0, , ,1,8
15/10/2016, ,0, , ,2,4
14/10/2016, ,0, , ,2,4
13/10/2016, ,0, , ,1,5
12/10/2016, ,0, , ,1,6
11/10/2016, ,0, , ,1,7
10/10/2016, ,0, , ,1,7
09/10/2016, ,0, , ,1,7
08/10/2016, ,0, , , ,7
31/08/2016, ,0, , , , 
30/08/2016, ,0,55,18,3, 
29/08/2016, ,0,57,23,4,4
28/08/2016, ,0,53,28,4, 
27/08/2016, ,0,40,18,3, 
26/08/2016, ,0,39,19,3, 
25/08/2016, ,0,53,15,3, 
24/08/2016, ,0,94,18,3, 
23/08/2016, ,0,66,10,3, 
22/08/2016, ,0,54,9,2, 
20/08/2016, ,0, , , , 
19/08/2016, ,0,42,13,3, 
18/08/2016, ,0,36,16,3, 
17/08/2016, ,0,42,13,3, 
16/08/2016, ,0,48,11,3, 
15/08/2016, ,0,45,13,3, 
14/08/2016, ,0,55,7,2, 
13/08/2016, ,0,58,11,2, 
12/08/2016, ,0,44,17,3, 
11/08/2016, ,0,44,14,2, 
10/08/2016, ,0,40,17,3, 
09/08/2016, ,0,35,11,2, 
08/08/2016, ,0,38,16,3, 
07/08/2016, ,0,37,10,2, 
06/08/2016, ,0,47,11,3, 
05/08/2016, ,0,41,12,2, 
31/07/2016, ,0, , , , 
30/07/2016, ,0,35,25,4, 
29/07/2016, ,0,38,14,3, 
28/07/2016, ,0,41,11,2, 
27/07/2016, ,0,33,12,2, 
26/07/2016, ,0,39,12,2, 
25/07/2016, ,0,32,16,3, 
24/07/2016, ,0,38,15,3, 
23/07/2016, ,0,32,20,4, 
22/07/2016, ,0,31,21,7, 
21/07/2016, ,0,29,13,2, 
20/07/2016, ,0,27,15,4, 
19/07/2016, ,0,41,13,2, 
18/07/2016, ,0,38,12,2,5
17/07/2016, ,0,40,16,2, 
16/07/2016, ,0,49,22,3, 
15/07/2016, ,0,46,24,4, 
14/07/2016, ,0,34,22,3, 
13/07/2016, ,0,39,25,3, 
12/07/2016, ,0,41,22,3, 
11/07/2016, ,0,39,15,2,4
10/07/2016, ,0,41,12,2, 
09/07/2016, ,0,40,10,1, 
08/07/2016, ,0,40,8,1, 
07/07/2016, ,0,26,7,1, 
05/07/2016, ,0, , , , 
04/07/2016, ,0,56,12,2,5
03/07/2016, ,0,35,17,2, 
02/07/2016, ,0,36,22,2, 
01/07/2016, ,0,34,12,2, 
30/06/2016, ,0,30,10,2, 
29/06/2016, ,0,30,9,2, 
28/06/2016, ,0,34,8,1, 
27/06/2016, ,0,34,6,1,6
26/06/2016, ,0,31,9,1, 
25/06/2016, ,0,29,13,2, 
24/06/2016, ,0,21,23,3, 
23/06/2016, ,0,32,21,2, 
22/06/2016, ,0,32,10,1, 
21/06/2016, ,0,34,15,2, 
20/06/2016, ,0,25,16,2,8
19/06/2016, ,0,36,12,1, 
18/06/2016, ,0,30,17,2, 
17/06/2016, ,0,34,13,2, 
16/06/2016, ,0,26,11,2, 
15/06/2016, ,0,29,9,1, 
14/06/2016, ,0,28,10,2, 
13/06/2016, ,0,18,16,3,6
12/06/2016, ,0,31,10,1, 
11/06/2016, ,0,30,12,2, 
10/06/2016, ,0,36,17,2, 
09/06/2016, ,0,38,14,1, 
08/06/2016, ,0,31,16,3, 
07/06/2016, ,0,31,23,3, 
06/06/2016, ,0,29,26,4,494
05/06/2016, ,0,40,16,4, 
04/06/2016, ,0,30,24,4, 
03/06/2016, ,0,25,26,5, 
02/06/2016, ,0,19,24,4, 
01/06/2016, ,0,27,16,2, 
31/05/2016, ,0,35,28,5, 
30/05/2016, ,0,28,31,4, 
29/05/2016, ,0,21,30,2, 
28/05/2016, ,0,24,28,3, 
27/05/2016, ,0,28,19,3, 
26/05/2016, ,0,30,15,2, 
25/05/2016, ,0,24,17,4, 
24/05/2016, ,0,23,11,2, 
23/05/2016, ,0,27,7,2,4
22/05/2016, ,0,23,6,2, 
21/05/2016, ,0,27,9,2, 
20/05/2016, ,0,26,14,3, 
19/05/2016, ,0,32,12,2, 
18/05/2016, ,0,26,16,3, 
17/05/2016, ,0,29,17,3, 
16/05/2016, ,0,23,15,2,5
15/05/2016, ,0,24,8,1, 
14/05/2016, ,0,17,9,2, 
13/05/2016, ,0,22,10,2, 
12/05/2016, ,0,25,18,3, 
11/05/2016, ,0,36,28,4, 
10/05/2016, ,0,31,32,5, 
09/05/2016, ,0,32,31,5,12
08/05/2016, ,0,30,25,2, 
07/05/2016, ,0,23,24,9, 
06/05/2016, ,0,24,17,3, 
05/05/2016, ,0,26,13,2, 
04/05/2016, ,0,25,13,2, 
03/05/2016, ,0,33,24,6, 
02/05/2016, ,0,21,23,4,9
01/05/2016, ,0,19,20,3, 
30/04/2016, ,0,12,15,2, 
29/04/2016, ,0,26,24,3, 
28/04/2016, ,0,38,22,3, 
27/04/2016, ,0,48,20,3, 
26/04/2016, ,0,43,21,2, 
25/04/2016, ,0,48,21,2,10
24/04/2016, ,0,33,16,2, 
23/04/2016, ,0,29,19,3, 
22/04/2016, ,0,26,13,1, 
21/04/2016, ,0,28,9,1, 
20/04/2016, ,0,28,9,1, 
19/04/2016, ,0,31,17,2, 
18/04/2016, ,0,24,14,1, 
17/04/2016, ,0,29,20,2, 
16/04/2016, ,0,40,23,2, 
15/04/2016, ,0,37,17,1, 
14/04/2016, ,0,45,26,3, 
13/04/2016, ,0,32,22,3, 
12/04/2016, ,0,19,31,5, 
11/04/2016, ,0,19,25,4,12
10/04/2016, ,0,31,16,2, 
09/04/2016, ,0,28,20,5, 
08/04/2016, ,0,23,16,2, 
07/04/2016, ,0,32,22,3, 
06/04/2016, ,0,21,8,1, 
05/04/2016, ,0,40,14,1, 
04/04/2016, ,0,37,25,3, 
03/04/2016, ,0,21,30,5, 
02/04/2016, ,0,22,26,4, 
01/04/2016, ,0,39,27,4, 
31/03/2016, ,0,27,15,1, 
30/03/2016, ,0,34,23,4, 
29/03/2016, ,0,52,22,11,9
28/03/2016, ,0,44,17,3, 
27/03/2016, ,0,15,11, , 
26/03/2016, ,0,42,13,1, 
25/03/2016, ,0,38,18,3, 
24/03/2016, ,0,35,19,3, 
23/03/2016, ,0,29,14,1, 
22/03/2016, ,0,26,13,1,6
21/03/2016, ,0,35,17,2, 
20/03/2016, ,0,26,19,2, 
19/03/2016, ,0,28,16,2, 
18/03/2016, ,0,19,12,1, 
17/03/2016, ,0,39,17,1, 
16/03/2016, ,0,42,14,1, 
15/03/2016, ,0,52,29,4,11
14/03/2016, ,0,40,26,5,8
13/03/2016, ,0,40,29,4,12
12/03/2016, ,0,51,26,4,8
11/03/2016, ,0,55,34,6,10
10/03/2016, ,0,40,30,6,12
09/03/2016, ,0,45,24,4,12
08/03/2016, ,0,22,28,3,11
07/03/2016, ,0,38,22,2,10
06/03/2016, ,0,28,29,6,11
05/03/2016, ,0,20,24,4,11
04/03/2016, ,0,22,23,2,9
03/03/2016, ,0,33,22,4,10
02/03/2016, ,0,17,28,3,9
01/03/2016, ,0,36,24,6,8
29/02/2016, ,0,44,23,2,10
28/02/2016, ,0,47,23,4,8
27/02/2016, ,0,30,25,2,9
26/02/2016, ,0,32,32,4,10
25/02/2016, ,0,24,32,3,10
24/02/2016, ,0,45,24,1,8
23/02/2016, ,0,35,23,3,8
22/02/2016, ,0,50,17,1, 
21/02/2016, ,0,38,19,1, 
20/02/2016, ,0,39,16, , 
19/02/2016, ,0,40,22,2, 
18/02/2016, ,0,38,22,1, 
17/02/2016, ,0,36,13, , 
16/02/2016, ,0,33,15,4,8
15/02/2016, ,0,30,7, ,5
14/02/2016, ,0,33,14, ,7
13/02/2016, ,0,39,19,2,7
12/02/2016, ,0,31,21,6,8
11/02/2016, ,0,31,20,4,7
10/02/2016, ,0,35,22,6,6
09/02/2016, ,0,35,15,2,6
08/02/2016, ,0,46,9, ,6
07/02/2016, ,0,58,20, ,8
06/02/2016, ,0,49,30,4,8
05/02/2016, ,0,58,27,2,8
04/02/2016, ,0,49,31,7,10
03/02/2016, ,0,74,20,4,8
02/02/2016, ,0,69,20,4,8
01/02/2016, ,0,55,31,4, 
31/01/2016, ,0,29,25,2, 
30/01/2016, ,0,37,34,6, 
29/01/2016, ,0,67,27,5, 
28/01/2016, ,0,83,20,4, 
27/01/2016, ,0,56,18,4, 
26/01/2016, ,0,14,23,2,8
25/01/2016, ,0,34,11,1,6
24/01/2016, ,0,36,12,2,6
23/01/2016, ,0,41,25,5,7
22/01/2016, ,0,37,29,5,8
21/01/2016, ,0,23,28,6,7
20/01/2016, ,0,50,25,5,8
19/01/2016, ,0,55,19,4,6
18/01/2016, ,0,39,23,6,8
17/01/2016, ,0,45,17,3,6
16/01/2016, ,0,66,28,6,9
15/01/2016, ,0,46,22,5,6
14/01/2016, ,0,13,22,4,8
13/01/2016, ,0,28,20,5,7
12/01/2016, ,0,32,18,4,8
11/01/2016, ,0,28,15,6,9
10/01/2016, ,0,66,27,5,12
09/01/2016, ,0,60,23,5,11
08/01/2016, ,0,7,28,8,8
24/11/2015, ,0, , , , 
23/11/2015, ,0,33,33,4, 
22/11/2015, ,0,39,22,6, 
21/11/2015, ,0,36,29,2, 
20/11/2015, ,0,47,27,3, 
19/11/2015, ,0,54,25,4, 
18/11/2015, ,0,32,27,5, 
17/11/2015, ,0,32,26,4, 
16/11/2015, ,0,43,21,1,5
15/11/2015, ,0,36,15,1, 
14/11/2015, ,0,44,13,1, 
13/11/2015, ,0,51,19,1, 
12/11/2015, ,0,60,22,2, 
11/11/2015, ,0,53,18,3, 
10/11/2015, ,0,45,26,4, 
05/11/2015, ,0, , , , 
04/11/2015, ,0,31,27,3, 
03/11/2015, ,0,52,20,2, 
02/11/2015, ,0,40,19,1, 
01/11/2015, ,0,39,20,1, 
31/10/2015, ,0,37,28,1, 
30/10/2015, ,0,59,30,1, 
29/10/2015, ,0,55,23, , 
28/10/2015, ,0,58,22, , 
27/10/2015, ,0,62,22,1, 
26/10/2015, ,0,56,22,1, 
25/10/2015, ,0,43,20,1, 
24/10/2015, ,0,60,21, , 
23/10/2015, ,0,56,20, , 
22/10/2015, ,0,62,19, , 
21/10/2015, ,0,43,16,1, 
20/10/2015, ,0,43,13,1, 
19/10/2015, ,0,56,17,1, 
18/10/2015, ,0,42,18,1, 
17/10/2015, ,0,37,18,1, 
16/10/2015, ,0,36,24,2, 
15/10/2015, ,0,28,23,2, 
14/10/2015, ,0,30,25,2, 
13/10/2015, ,0,31,25,1, 
12/10/2015, ,0,44,21,1, 
11/10/2015, ,0,39,21,2, 
10/10/2015, ,0,41,26,1, 
09/10/2015, ,0,51,22,1, 
08/10/2015, ,0,69,21,1, 
07/10/2015, ,0,47,24,1, 
06/10/2015, ,0,51,21,1, 
05/10/2015, ,0,61,18,1,6
04/10/2015, ,0,51,15,1, 
03/10/2015, ,0,46,23,2, 
02/10/2015, ,0,53,30,3, 
01/10/2015, ,0,39,29,2, 
30/09/2015, ,0,56,31,3, 
29/09/2015, ,0,70,36,2, 
28/09/2015, ,0,62,29,2,6
27/09/2015, ,0,46,24,2, 
26/09/2015, ,0,48,27,2, 
25/09/2015, ,0,53,26,2, 
24/09/2015, ,0,49,24,2, 
23/09/2015, ,0,42,25,2, 
22/09/2015, ,0,46,25,2, 
21/09/2015, ,0,48,28,2,6
20/09/2015, ,0,49,25,2, 
19/09/2015, ,0,54,25,2, 
18/09/2015, ,0,54,34,2, 
17/09/2015, ,0,68,27,1, 
16/09/2015, ,0,58,16,2, 
15/09/2015, ,0,99,11,1, 
14/09/2015, ,0,131,13,3,5
13/09/2015, ,0,115,9,1, 
12/09/2015, ,0,96,10,1, 
11/09/2015, ,0,90,18,1, 
10/09/2015, ,0,92,18,1, 
09/09/2015, ,0,52,19,2, 
08/09/2015, ,0,64,19,4, 
07/09/2015, ,0,44,23,2,10
06/09/2015, ,0,32,8,1, 
05/09/2015, ,0,53,14,2, 
04/09/2015, ,0,59,10,1, 
03/09/2015, ,0,50,13,1, 
02/09/2015, ,0,44,10,1, 
01/09/2015, ,0,39,16,2, 
31/08/2015, ,0,41,11,1,4
30/08/2015, ,0,43,6,1, 
29/08/2015, ,0,41,7, , 
28/08/2015, ,0,38,14,2, 
27/08/2015, ,0,52,21,3, 
26/08/2015, ,0,50,20,2, 
25/08/2015, ,0,39,15,2, 
24/08/2015, ,0,38,13,1,5
23/08/2015, ,0,43,13,1, 
22/08/2015, ,0,57,14,1, 
21/08/2015, ,0,47,8,2, 
20/08/2015, ,0,40,7,2, 
19/08/2015, ,0,52,8, , 
18/08/2015, ,0,63,8,2, 
17/08/2015, ,0,50,10,2,4
16/08/2015, ,0,59,15,2, 
15/08/2015, ,0,39,17,6, 
14/08/2015, ,0,30,15,6, 
13/08/2015, ,0,53,12,2, 
12/08/2015, ,0,42,12,3, 
11/08/2015, ,0,45,13,7, 
10/08/2015, ,0,44,14,3,4
09/08/2015, ,0,42,15,2, 
08/08/2015, ,0,40,22,3, 
07/08/2015, ,0,41,17,2, 
06/08/2015, ,0,52,12,2, 
05/08/2015, ,0,42,6,2, 
04/08/2015, ,0,36,6,2, 
03/08/2015, ,0,41,6,2,3
02/08/2015, ,0,38,6,3, 
01/08/2015, ,0,36,8,1, 
31/07/2015, ,0,38,7,1, 
30/07/2015, ,0,33,9,2, 
29/07/2015, ,0,35,10,2, 
28/07/2015, ,0,31,14,3, 
27/07/2015, ,0,29,8,2,3
26/07/2015, ,0,40,7,2, 
25/07/2015, ,0,32,8,1, 
24/07/2015, ,0,36,8,1, 
23/07/2015, ,0,31,15,4, 
22/07/2015, ,0,29,14,3, 
21/07/2015, ,0,30,21,5, 
20/07/2015, ,0,34,23,4,9
19/07/2015, ,0,35,20,3, 
18/07/2015, ,0,31,14,2, 
17/07/2015, ,0,43,10,2, 
16/07/2015, ,0,33,16,5, 
15/07/2015, ,0,36,18,5, 
14/07/2015, ,0,31,20,5, 
13/07/2015, ,0,41,16,4,4
12/07/2015, ,0,32,14,4, 
11/07/2015, ,0,27,8,2, 
10/07/2015, ,0,26,11,4, 
09/07/2015, ,0,33,13,4, 
08/07/2015, ,0,32,26,2, 
07/07/2015, ,0,26,24,2, 
06/07/2015, ,0,36,12,1, 
05/07/2015, ,0,36,11,2, 
04/07/2015, ,0,44,9,1, 
03/07/2015, ,0,29,8,1, 
02/07/2015, ,0,33,7,4, 
01/07/2015, ,0,33,7,1, 
30/06/2015, ,0,32,7,1,3
29/06/2015, ,0,40,4, ,3
28/06/2015, ,0,40,5, ,3
27/06/2015, ,0,32,5,1,3
26/06/2015, ,0,34,6,1,3
25/06/2015, ,0,33,6,1,4
24/06/2015, ,0,28,5,1,4
23/06/2015, ,0,28,5,1,4
22/06/2015, ,0,29,8,1,5
21/06/2015, ,0,32,8,1,5
20/06/2015, ,0,37,8,1,4
19/06/2015, ,0,26,8,1,4
18/06/2015, ,0,28,12,2,5
17/06/2015, ,0,28,8,1,4
16/06/2015, ,0,28,7,2,4
15/06/2015, ,0,36,14,3,8
14/06/2015, ,0,27,14,2,6
13/06/2015, ,0,29,12,2,5
12/06/2015, ,0,30,9,2,5
11/06/2015, ,0,31,19,2,7
10/06/2015, ,0,33,19,3,7
09/06/2015, ,0,28,13,1,5
08/06/2015, ,0,36,13,2,5
07/06/2015, ,0,37,19,2,6
06/06/2015, ,0,36,15,1,4
05/06/2015, ,0,33,10,1,3
04/06/2015, ,0,32,12,2,3
03/06/2015, ,0,33,9, ,3
02/06/2015, ,0,23,12,2,5
01/06/2015, ,0,24,18,4, 
31/05/2015, ,0,35,26,4, 
30/05/2015, ,0,22,29,5, 
29/05/2015, ,0,23,18,3, 
28/05/2015, ,0,30,20,5, 
27/05/2015, ,0,29,24,5, 
26/05/2015, ,0,24,24,5,7
25/05/2015, ,0,39,16,2,6
24/05/2015, ,0,27,13,3,7
23/05/2015, ,0,31,15,3,7
22/05/2015, ,0,21,13,1,5
21/05/2015, ,0,27,12,3,8
20/05/2015, ,0,35,7,1, 
19/05/2015, ,0,21,7,1,6
18/05/2015, ,0,44,23,3,9
17/05/2015, ,0,36,23,5,9
16/05/2015, ,0,34,21,4,7
15/05/2015, ,0,26,18,3,6
14/05/2015, ,0,31,17,2,7
13/05/2015, ,0,25,13,2, 
12/05/2015, ,0,30,14,2,8
11/05/2015, ,0,23,9,2,6
10/05/2015, ,0,30,9,1,6
09/05/2015, ,0,35,12,2,6
08/05/2015, ,0,40,9,2,5
07/05/2015, ,0,41,10,2,6
06/05/2015, ,0,41,17,3, 
05/05/2015, ,0,43,24,4,14
01/05/2015, ,0,43,20,11, 
30/04/2015, ,0,35,18,5, 
29/04/2015, ,0,31,11,1, 
28/04/2015, ,0,27,10,1,5
27/04/2015, ,0,30,14,2,8
26/04/2015, ,0,28,13,2,7
25/04/2015, ,0,28,12,5,8
24/04/2015, ,0,32,16,4,6
23/04/2015, ,0,35,16,2,8
22/04/2015, ,0,34,28,9, 
21/04/2015, ,0,42,29,4,13
20/04/2015, ,0,45,29,4,11
19/04/2015, ,0,52,27,3,10
18/04/2015, ,0,33,40,6,13
17/04/2015, ,0,35,25,2,9
16/04/2015, ,0,43,20,6,7
15/04/2015, ,0,31,19,4, 
14/04/2015, ,0,39,18,2,6
13/04/2015, ,0,40,16,2,5
12/04/2015, ,0,40,17,2,6
11/04/2015, ,0,53,19,3,7
10/04/2015, ,0,40,19,2,7
09/04/2015, ,0,47,17,1,8
08/04/2015, ,0,30,11, , 
07/04/2015, ,0,39,19,4,11
06/04/2015, ,0,38,16,2,7
05/04/2015, ,0,46,16,2,7
04/04/2015, ,0,39,18,3,8
03/04/2015, ,0,47,16,2,7
02/04/2015, ,0,47,25,5,7
01/04/2015, ,0, ,33,6,11
31/03/2015, ,0, , ,9, 
30/03/2015, ,0, , ,8, 
29/03/2015, ,0, , ,3, 
28/03/2015, ,0, , ,5, 
27/03/2015, ,0, , ,4,7
26/03/2015, ,0, , ,10,8
25/03/2015, ,0, , ,6,6
24/03/2015, ,0, , ,10, 
23/03/2015, ,0,10, ,5,10
22/03/2015, ,0,32, ,4,6
21/03/2015, ,0,30, ,4,6
20/03/2015, ,0,15, ,7,7
19/03/2015, ,0,18, ,10,8
18/03/2015, ,0,21, ,6,8
17/03/2015, ,0,32, ,5, 
16/03/2015, ,0,37,24,5,10
15/03/2015, ,0,38,21,2,7
14/03/2015, ,0,37,24,4,8
13/03/2015, ,0,41,22,1,7
12/03/2015, ,0,34,18,3,6
11/03/2015, ,0,29,8, ,4
10/03/2015, ,0,26,9, , 
09/03/2015, ,0,34,7, ,5
08/03/2015, ,0,37,5, ,5
07/03/2015, ,0,43,19,3,9
06/03/2015, ,0,50,17,3,8
05/03/2015, ,0,44,14,2,7
04/03/2015, ,0,60,16,2,8
03/03/2015, ,0,55,18,2, 
02/03/2015, ,0,51,19,3,6
01/03/2015, ,0,49,17,3,7
28/02/2015, ,0,51,22,5, 
27/02/2015, ,0,71,25,5, 
26/02/2015, ,0,71,18,4, 
25/02/2015, ,0,67,20,5, 
24/02/2015, ,0,53,24,5, 
23/02/2015, ,0,81,19,3,4
22/02/2015, ,0,49,16,3,6
21/02/2015, ,0,40,21,5,8
20/02/2015, ,0,15,16,2,6
19/02/2015, ,0,47,16,2,6
18/02/2015, ,0,58,18,5,6
17/02/2015, ,0,52,13,2, 
16/02/2015, ,0,44,12,3,5
15/02/2015, ,0,30,10,1,5
14/02/2015, ,0,29,15,2,8
13/02/2015, ,0,37,12,2,6
12/02/2015, ,0,36,14,2,6
11/02/2015, ,0,35,16,3, 
10/02/2015, ,0,17,17,3, 
09/02/2015, ,0,28,14,2,5
08/02/2015, ,0,23,17,3,7
07/02/2015, ,0,40,24,4,10
06/02/2015, ,0,31,19,5,9
05/02/2015, ,0,27,13,3,6
04/02/2015, ,0,23,12,4,6
03/02/2015, ,0,28,5,1,4
02/02/2015, ,0,27,6,1,4
01/02/2015, ,0,31,7,3,5
31/01/2015, ,0,33,14,3, 
30/01/2015, ,0,32,28,7, 
29/01/2015, ,0,36,17,5, 
28/01/2015, ,0,30,13,2, 
27/01/2015, ,0,31,17,3, 
26/01/2015, ,0,45,19,5,12
25/01/2015, ,0,29,13,2,7
24/01/2015, ,0,28,23,4,11
23/01/2015, ,0,23,28,5,10
22/01/2015, ,0,26,22,2,8
21/01/2015, ,0,24,29,5,8
20/01/2015, ,0,23,31,3,8
19/01/2015, ,0,28,59,9,9
18/01/2015, ,0,26,32,3,8
17/01/2015, ,0,35,32,6,7
16/01/2015, ,0,38,22,2,7
15/01/2015, ,0,45,19,3,7
14/01/2015, ,0,34,14,2,5
13/01/2015, ,0,30,22,4,7
12/01/2015, ,0,37,19,5,5
11/01/2015, ,0,27,10, ,4
10/01/2015, ,0,28,20,5,5
09/01/2015, ,0,31,17,3,5
08/01/2015, ,0,33,9,1,4
07/01/2015, ,0,39,9, ,5
06/01/2015, ,0,33,10, ,6
05/01/2015, ,0,30,16,3,7
04/01/2015, ,0,33,15,4,6
03/01/2015, ,0,32,8, ,6
02/01/2015, ,0,39,13,2,7
01/01/2015, ,0, ,27,10,13
01/12/2014, ,0,31, , , 
30/11/2014, ,0,30,10,3,6
29/11/2014, ,0,36,12,3,7
28/11/2014, ,0,30,12,4,6
27/11/2014, ,0,25,17,6,6
26/11/2014, ,0,28,22,8,7
25/11/2014, ,0,28,20,3,7
24/11/2014, ,0,28,19,6,7
23/11/2014, ,0,21,19,6,9
22/11/2014, ,0,24,22,7,8
21/11/2014, ,0,24,25,10,8
20/11/2014, ,0,23,21,3,9
19/11/2014, ,0,33,23,3,8
18/11/2014, ,0,29,16,3,6
17/11/2014, ,0,33,17,2,7
16/11/2014, ,0,38,24,5,8
15/11/2014, ,0,28,25,3,10
14/11/2014, ,0,23,18,1,8
13/11/2014, ,0,21,18,2,6
12/11/2014, ,0,31,17,2,6
11/11/2014, ,0,36,30,5,8
10/11/2014, ,0,49,28,3,7
09/11/2014, ,0,43,22,1,7
08/11/2014, ,0,43,20,2,6
07/11/2014, ,0,52,17,2,5
06/11/2014, ,0,38,20,2,8
05/11/2014, ,0,29,21,2,9
04/11/2014, ,0,39,18,3,7
03/11/2014, ,0,41,16,3,6
02/11/2014, ,0,53,16,2,6
01/11/2014, ,0, ,20,3,8
