date,pm25,pm10,o3,no2,so2,co
16/07/2025,33,34,54,1,11,11
15/07/2025,45,56,24,2,3,2
14/07/2025,11,18,54,9,3,5
13/07/2025,29,12,34,8,7,8
12/07/2025,22,13,14,7,8,9
11/07/2025,45,0,34,0,5,3
10/07/2025,49,0,48,0,3,3
09/07/2025,40,0,65,0,6,5
08/07/2025,24,0,32,0,4,4
07/07/2025,43,0,35,0,3,4
06/07/2025,52,0,44,0,4,5
05/07/2025,58,0,39,0,4,4
04/07/2025,36,0,38,0,5,5
03/07/2025,21,12,45,7,4,6
02/07/2025,15,34,26,8,2,8
01/07/2025,0,0,28,0,2,0
30/06/2025,12,45,21,15,6,3
29/06/2025,45,67,0,13,2,2
21/06/2025,34,43,22,45,0,0
20/06/2025,23,123,26,34,15,5
19/06/2025,15,45,26,12,4,4
18/06/2025,34,23,22,0,4,4
17/06/2025,45,5,19,7,5,3
16/06/2025,37,7,26,23,9,2
15/06/2025,44,12,20,44,2,3
14/06/2025,10,56,26,13,6,2
13/06/2025,9,56,14,19,7,2
12/06/2025,8,45,36,25,12,2
11/06/2025,7,34,23,4,4,3
10/06/2025,6,12,22,23,6,3
09/06/2025,45,28,21,34,3,2
08/06/2025,67,29,25,2,6,2
07/06/2025,34,31,16,3,4,5
06/06/2025,5,44,26,4,6,5
05/06/2025,42,47,21,6,2,2
04/06/2025,31,34,24,8,3,2
03/06/2025,23,56,24,5,4,3
02/06/2025,29,34,25,8,2,2
01/06/2025,31,12,20,20,1,2
31/05/2025,34,33,24,21,1,2
30/05/2025,23,56,20,22,4,3
29/05/2025,24,49,20,3,8,5
28/05/2025,39,50,30,6,7,3
27/05/2025,40,67,25,3,3,2
26/05/2025,12,56,26,4,1,2
25/05/2025,34,45,22,2,3,2
24/05/2025,5,34,20,5,4,2
23/05/2025,3,65,21,2,5,4
22/05/2025,16,34,20,23,6,4
21/05/2025,78,21,28,25,5,4
20/05/2025,56,41,19,28,5,7
19/05/2025,45,0,26,13,5,6
18/05/2025,26,0,22,18, ,2
17/05/2025,45,0,18,19,1,3
16/05/2025,6,0,20,21,1,2
15/05/2025,78,0,32,24,1,2
14/05/2025,56,0,22,25,2,2
13/05/2025,0,0,19,0,9,2
12/05/2025,0,0,21,0,8,2
11/05/2025,0,0,25,0,6,3
10/05/2025,0,0,27,0,4,5
09/05/2025,0,0,19,0,6,5
08/05/2025,0,0,36,0,5,6
07/05/2025,0,0,23,0,4,3
06/05/2025,0,0,13,0,8,5
05/05/2025,0,0,36,0,10,4
04/05/2025,0,0,21,0,4,3
03/05/2025,0,0,38,0,4,3
02/05/2025,0,0,26,0,3,5
01/05/2025,0,0,28,0,2,3
30/04/2025,0,0,24,0,2,3
29/04/2025,0,0,11,0,10,4
28/04/2025,0,0,36,0,11,3
27/04/2025,0,0,30,0,3,2
26/04/2025,0,0,34,0,4,5
25/04/2025,0,0,25,0,3,4
24/04/2025,0,0,32,0,6,4
23/04/2025,0,0,35,0,7,3
22/04/2025,0,0,35,0,5,3
21/04/2025,0,0,32,0,4,3
20/04/2025,0,0,39,0,1,2
19/04/2025,0,0,31,0,5,2
18/04/2025,0,0,29,0,3,3
17/04/2025,0,0,42,0,3,2
16/04/2025,0,0,32,0,5,2
15/04/2025,0,0,39,0,6,2
14/04/2025,0,0,30,0,5,2
13/04/2025,0,0,32,0,2,1
12/04/2025,0,0,15,0,3,2
11/04/2025,0,0,25,0,3,4
10/04/2025,0,0,30,0, ,1
09/04/2025,0,0,25,0,4,3
08/04/2025,0,0,24,0,4,3
07/04/2025,0,0,29,0,5,3
06/04/2025,0,0,0,0,2,2
05/04/2025,0,0,10,0,1,4
04/04/2025,0,0,35,0,0,4
03/04/2025,0,0,37,0,2,2
02/04/2025,0,0,33,0,2,2
01/04/2025,0,0,35,0,10,2
31/03/2025,0,0,29,0,3,4
30/03/2025,0,0,40,0,0,2
29/03/2025,0,0,18,0,2,2
28/03/2025,0,0,21,0,9,4
27/03/2025,0,0,34,0,16,6
26/03/2025,0,0,35,0,5,10
25/03/2025,0,0,23,0,3,12
24/03/2025,0,0,0,0,3,16
10/03/2025,0,0,36,0,0,0
09/03/2025,0,0,33,0,6,9
08/03/2025,0,0,13,0,6,9
07/03/2025,0,0,31,0,10,6
06/03/2025,0,0,23,0,5,1
05/03/2025,0,0,35,0,7,2
04/03/2025,0,0,35,0,8,1
03/03/2025,0,0,33,0,5, 
02/03/2025,0,0,31,0,5,1
01/03/2025,0,0,35,0,5,1
28/02/2025,0,0,26,0,6,3
27/02/2025,0,0,18,0,8,1
26/02/2025,0,0,27,0,5, 
25/02/2025,0,0,32,0,5,6
24/02/2025,0,0, ,0,4,1
22/02/2025,0,0,31,0, , 
21/02/2025,0,0,21,0,6, 
20/02/2025,0,0,25,0,8,2
19/02/2025,0,0, ,0,5,3
17/02/2025,0,0,25,0, , 
16/02/2025,0,0,25,0,5, 
15/02/2025,0,0, ,0, ,1
14/02/2025,0,0,20,0, , 
13/02/2025,0,0,20,0, ,1
12/02/2025,0,0,11,0, ,1
11/02/2025,0,0,26,0, ,2
10/02/2025,0,0,24,0, ,2
09/02/2025,0,0,22,0, ,1
08/02/2025,0,0,17,0, ,2
07/02/2025,0,0,23,0,9,3
06/02/2025,0,0,24,0,10,2
05/02/2025,0,0,30,0,13,2
04/02/2025,0,0,14,0,12,2
03/02/2025,0,0, ,0,4,3
01/02/2025,0,0,3,0, , 
31/01/2025,0,0,25,0,24,1
30/01/2025,0,0,6,0,10,1
29/01/2025,0,0,27,0,19, 
28/01/2025,0,0,23,0,23, 
27/01/2025,0,0,25,0,16,1
26/01/2025,0,0,26,0,13, 
25/01/2025,0,0,29,0,23, 
24/01/2025,0,0, ,0,14,1
23/01/2025,0,0,26,0,16,3
22/01/2025,0,0,32,0,17,2
21/01/2025,0,0,31,0,11,1
20/01/2025,0,0,30,0,4,6
19/01/2025,0,0,46,0,11, 
18/01/2025,0,0,45,0,27, 
17/01/2025,0,0,27,0,14,2
16/01/2025,0,0,23,0,11,3
15/01/2025,0,0,49,0,14, 
14/01/2025,0,0,35,0,2, 
13/01/2025,0,0,49,0,4,1
12/01/2025,0,0,51,0,10,1
11/01/2025,0,0,35,0,11,1
10/01/2025,0,0,30,0,11,1
09/01/2025,0,0,34,0,16,1
08/01/2025,0,0,34,0,14,2
07/01/2025,0,0,40,0,14,2
06/01/2025,0,0,32,0,15,1
05/01/2025,0,0,29,0,12, 
04/01/2025,0,0,24,0,5, 
03/01/2025,0,0,23,0,16, 
02/01/2025,0,0,31,0,9,1
01/01/2025,0,0, ,0,9,1
29/12/2024,0,0,23,0,17,1
28/12/2024,0,0,27,0,11,1
27/12/2024,0,0,26,0,11,2
26/12/2024,0,0,29,0,14,3
25/12/2024,0,0,33,0,14,6
24/12/2024,0,0,20,0,16,6
23/12/2024,0,0,26,0,17,6
22/12/2024,0,0,32,0,13,5
21/12/2024,0,0,31,0,15,6
20/12/2024,0,0,28,0,17,5
19/12/2024,0,0,30,0,15,5
18/12/2024,0,0,28,0,22,6
17/12/2024,0,0,34,0,16,5
16/12/2024,0,0,31,0,12,5
15/12/2024,0,0,34,0,16,4
14/12/2024,0,0,22,0,19,6
13/12/2024,0,0,18,0,19,5
12/12/2024,0,0,31,0,14,5
11/12/2024,0,0,30,0,20,4
10/12/2024,0,0,30,0,24,5
09/12/2024,0,0,37,0,10,5
08/12/2024,0,0,45,0,8,4
07/12/2024,0,0,23,0,11,6
06/12/2024,0,0,33,0,5,5
05/12/2024,0,0,38,0,7,4
04/12/2024,0,0,28,0,13,12
03/12/2024,0,0,38,0,10,17
02/12/2024,0,0,36,0,11,16
01/12/2024,0,0,61,0,8,15
30/11/2024,0,0,46,0,6,18
29/11/2024,0,0,35,0,12,19
28/11/2024,0,0,17,0,15,18
27/11/2024,0,0,24,0,15,16
26/11/2024,0,0,35,0,17,15
25/11/2024,0,0,39,0,16,15
23/11/2024,0,0,40,0,25,14
22/11/2024,0,0,41,0,20,15
21/11/2024,0,0,29,0,16,15
20/11/2024,0,0,43,0,10,14
19/11/2024,0,0,46,0,19,13
18/11/2024,0,0,31,0,19,13
17/11/2024,0,0,39,0,18,12
16/11/2024,0,0,25,0,19,15
15/11/2024,0,0,37,0,13,15
14/11/2024,0,0,39,0,19,13
13/11/2024,97,0,37,0,17,14
12/11/2024,61,0,43,0,17,15
11/11/2024,25,0,33,0,22,14
10/11/2024,44,0,73,0,15,13
09/11/2024,54,0,44,0,12,12
08/11/2024,57,0,34,0,21,12
07/11/2024,36,0,40,0,17,12
06/11/2024,34,0,49,0,20,12
05/11/2024,21,0,41,0,16,11
04/11/2024,14,0,30,0,17,10
03/11/2024,43,0,30,0,14,10
02/11/2024,30,0,35,0,18,9
01/11/2024,15,0,60,0,14,11
31/10/2024,65,0,34,0,27,11
30/10/2024,7,0,34,0,31,12
29/10/2024,6,0,58,0,19,11
28/10/2024,2,0,23,0,23,10
27/10/2024,3,0,48,0,29,8
26/10/2024,13,0,43,0,34,9
25/10/2024,45,0,67,0,11,9
24/10/2024,0,0,62,0,19,9
23/10/2024,40,0,34,0,18,7
22/10/2024,52,0,72,0,18,7
21/10/2024,9,0,75,0,13,7
20/10/2024,15,0,57,0,21,6
19/10/2024,10,0,57,0,22,7
18/10/2024,9,0,63,0,13,8
17/10/2024,22,0,83,0,11,8
16/10/2024,14,0,77,0,12,8
15/10/2024,22,0,68,0,24,6
14/10/2024,18,0,49,0,6,6
13/10/2024,17,0,9,0,13,6
12/10/2024,230,0,48,0,16,5
11/10/2024,124,0,3,0,7,8
10/10/2024,55,0,33,0,22,6
09/10/2024,47,0,63,0,21,3
08/10/2024,46,0,29,0,16,5
07/10/2024,40,0,61,0,9,5
06/10/2024,11,0,76,0, ,3
05/10/2024,35,0,52,0, ,4
04/10/2024,38,0,36,0, ,6
03/10/2024,13,0,37,0, ,12
02/10/2024,14,0,39,0, ,16
01/10/2024,62,0,35,0, ,17
30/09/2024,16,0,34,0,18,16
29/09/2024, ,0,39,0, ,14
28/09/2024,72,0,24,0,8,14
27/09/2024,78,0,57,0,12,12
26/09/2024,68,0,48,0,12,12
25/09/2024,58,0,48,0,10,10
24/09/2024,53,0,51,0,11,12
23/09/2024,63,0,41,0,14,7
22/09/2024,68,0,40,0,16,4
21/09/2024,72,0,44,0,16,5
20/09/2024,61,0,64,0,9,5
19/09/2024,42,0,53,0,11,6
18/09/2024,53,0,60,0,2,4
17/09/2024,58,0,55,0,12,4
16/09/2024,46,0,35,0,21,3
15/09/2024,58,0,48,0,6,1
14/09/2024,72,0,56,0,10,2
13/09/2024,59,0,56,0,20,2
12/09/2024,66,0,59,0,5,2
11/09/2024,45,0,62,0,18,3
10/09/2024,52,0,68,0,3,1
09/09/2024,57,0,56,0,15,3
08/09/2024,89,0,53,0,2,3
07/09/2024,62,0,56,0,12,4
06/09/2024,70,0,51,0,16,4
05/09/2024,69,0,50,0,11,6
04/09/2024,66,0,41,0,9,5
03/09/2024,71,0,47,0,17,4
02/09/2024,73,0,66,0,9,4
01/09/2024,53,0,73,0,5,4
31/08/2024,46,0,80,0,2,3
30/08/2024,47,0,58,0,4,4
29/08/2024,45,0,59,0,2,2
28/08/2024,46,0,59,0,3,3
27/08/2024,49,0,46,0,6,4
26/08/2024,46,0,54,0,6,4
25/08/2024,47,0,49,0,10,3
24/08/2024,59,0,34,0,13,3
23/08/2024,58,0,27,0,6,4
22/08/2024,43,0,37,0,12,5
21/08/2024,53,0,48,0,8,4
20/08/2024,70,0,39,0,8,5
19/08/2024,33,0,14,0,6,7
18/08/2024,39,0,63,0,2,3
17/08/2024,43,0,44,0,4,4
16/08/2024,42,0,45,0,4,6
15/08/2024,59,0,42,0,5,5
14/08/2024,36,0,32,0,18,5
13/08/2024,54,0,49,0,4,2
12/08/2024,49,0,36,0,11,2
11/08/2024,55,0,36,0,11,1
10/08/2024,67,0,30,0,16,3
09/08/2024,53,0,18,0,17,4
08/08/2024,54,0,34,0,16,2
07/08/2024,49,0,31,0,25,1
06/08/2024,54,0,32,0,11,1
05/08/2024,53,0,33,0,21,1
04/08/2024,61,0,33,0,18,1
03/08/2024,63,0,43,0,14,2
02/08/2024,46,0,32,0,22,3
01/08/2024,27,0,40,0,13,3
31/07/2024,30,0,44,0,2,1
30/07/2024,29,0,36,0,4,2
29/07/2024,30,0,33,0,2,1
28/07/2024,45,0,40,0,2,1
27/07/2024,54,0,30,0,17,2
26/07/2024,55,0,30,0,17,3
25/07/2024,47,0,28,0,26,2
24/07/2024,29,0,41,0,11,3
23/07/2024,29,0,31,0,4,2
22/07/2024,29,0,32,0,2,2
21/07/2024,40,0,31,0,1,2
20/07/2024,44,0,15,0,7,4
19/07/2024,46,0,28,0,2,3
18/07/2024,28,0,25,0,4,4
17/07/2024,29,0,35,0,4,3
16/07/2024,26,0,50,0,3,3
15/07/2024,18,0,35,0,3,3
14/07/2024,42,0,28,0,2,2
13/07/2024,49,0,29,0,10,5
12/07/2024,50,0,32,0,13,4
11/07/2024,45,0,33,0,13,3
10/07/2024,48,0,28,0,8,4
09/07/2024,29,0,24,0,15,4
08/07/2024,35,0,35,0,4,4
07/07/2024,41,0,29,0,5,4
06/07/2024,36,0,24,0,11,4
05/07/2024,43,0,28,0,3,4
04/07/2024,45,0,33,0,5,2
03/07/2024,40,0,20,0,14,4
02/07/2024,41,0,23,0,10,2
01/07/2024,43,0,37,0,4,1
30/06/2024,41,0,30,0,5,1
29/06/2024,53,0,36,0,7,1
28/06/2024,46,0,37,0,4,2
27/06/2024,51,0,33,0,3,1
26/06/2024,38,0,33,0,5,2
25/06/2024,38,0,34,0,3,1
24/06/2024,41,0,30,0,3,1
23/06/2024,50,0,47,0,6,1
22/06/2024,44,0,31,0,15,1
21/06/2024,64,0,16,0,15,2
20/06/2024,55,0,19,0,13,4
19/06/2024,47,0,38,0,5,2
18/06/2024,34,0,38,0,10,3
17/06/2024,35,0,32,0,8,2
16/06/2024,28,0,18,0,12,2
15/06/2024,31,0,20,0,7,1
14/06/2024,40,0,29,0,2,1
13/06/2024,48,0,21,0,2,1
12/06/2024,41,0,30,0,4,2
11/06/2024,32,0,24,0,2,2
10/06/2024,41,0,32,0,1,1
09/06/2024,43,0,34,0,4,2
08/06/2024,51,0,28,0,4,2
07/06/2024,27,0,21,0,3,3
06/06/2024,28,0,26,0,1,1
05/06/2024,38,0,29,0,1,1
04/06/2024,33,0,26,0,5,2
03/06/2024, ,0,23,0,5,3
02/06/2024, ,0,37,0,4,3
01/06/2024,44,0,31,0,4,4
31/05/2024,40,0,15,0,5,6
30/05/2024,48,0,31,0,3,3
29/05/2024,40,0,20,0,5,4
28/05/2024,53,0,12,0,7,4
27/05/2024,52,0,18,0,19,3
26/05/2024,46,0,24,0,19,3
25/05/2024,44,0,18,0,16,2
24/05/2024,28,0,18,0,17,1
23/05/2024,50,0,23,0,4,1
22/05/2024,37,0,16,0,12,3
21/05/2024,50,0,22,0,5,2
20/05/2024,34,0,14,0,21,2
19/05/2024,44,0,18,0,13,1
18/05/2024,51,0,16,0,14,2
17/05/2024,41,0,19,0,17,3
16/05/2024,52,0,17,0,13,2
15/05/2024,64,0,15,0,16,3
14/05/2024,72,0,10,0,27,3
13/05/2024,54,0,13,0,26,4
12/05/2024,66,0,26,0,11,4
11/05/2024,47,0,16,0,16,6
10/05/2024,65,0,29,0,11,3
09/05/2024,45,0,17,0,13,7
08/05/2024,47,0,11,0,11,8
07/05/2024,57,0,18,0,18,8
06/05/2024,47,0,16,0,16,11
05/05/2024,37,0,7,0,14,11
04/05/2024,38,0,19,0,13,6
03/05/2024,52,0,18,0,13,7
02/05/2024,46,0,26,0,13,8
01/05/2024,20,0,25,0,13,9
30/04/2024,206,0,17,0,18,9
29/04/2024,88,0,16,0,19,8
28/04/2024,41,0,24,0,19,8
27/04/2024,38,0,20,0,19,8
26/04/2024,62,0,23,0,22,9
25/04/2024,46,0,25,0,15,9
24/04/2024,46,0,20,0,19,8
23/04/2024, ,0,16,0,21,8
22/04/2024, ,0,13,0,19,6
21/04/2024, ,0,20,0,17,5
20/04/2024, ,0,1,0,14,9
19/04/2024, ,0,7,0,19,12
18/04/2024, ,0,11,0,17,5
17/04/2024, ,0,8,0,17,6
16/04/2024, ,0,30,0,9,2
15/04/2024,63,0,23,0,4,3
14/04/2024,69,0,32,0,14,2
13/04/2024,69,0,46,0,14,2
12/04/2024,66,0,32,0,18,2
11/04/2024,75,0,32,0,15,2
10/04/2024,58,0,24,0,20,2
09/04/2024,56,0,32,0,22,1
08/04/2024,41,0,23,0,22,1
07/04/2024,62,0,28,0,12,1
06/04/2024,52,0,20,0,22,2
05/04/2024,51,0,20,0,19,1
04/04/2024,51,0,23,0,10,2
03/04/2024,55,0,23,0,16,2
02/04/2024,44,0,13,0,20,2
01/04/2024,41,0,24,0,14,3
31/03/2024,53,0,33,0,9,1
30/03/2024,55,0,26,0,15,2
29/03/2024,65,0,25,0,14,2
28/03/2024,65,0,25,0,21,4
27/03/2024,50,0,22,0,22,4
26/03/2024,55,0,25,0,15,3
25/03/2024,62,0,25,0,12,3
24/03/2024,66,0,31,0,16,4
23/03/2024,62,0,25,0,17,4
22/03/2024,60,0,18,0,21,4
21/03/2024,78,0,39,0,20,2
20/03/2024,51,0,31,0,13,4
19/03/2024,52,0,29,0,13,3
18/03/2024,42,0,41,0,10,3
17/03/2024,49,0,36,0,8,2
16/03/2024,57,0,34,0,15,4
15/03/2024,47,0,26,0,19,3
14/03/2024,41,0,33,0,13,3
13/03/2024,53,0,35,0,11,2
12/03/2024,51,0,30,0,10,2
11/03/2024,54,0,33,0,7,1
10/03/2024,57,0,25,0,17,2
09/03/2024,79,0,33,0,15,2
08/03/2024,55,0,31,0,21,3
07/03/2024,60,0,38,0,9,2
06/03/2024,67,0,49,0,10,3
05/03/2024,65,0,41,0,12,2
04/03/2024,48,0,36,0,11,3
03/03/2024,55,0,29,0,16, 
02/03/2024,55,0,27,0,14,1
01/03/2024,80,0,43,0,16,1
29/02/2024,71,0,40,0,16,3
28/02/2024,67,0,36,0,21,4
27/02/2024,54,0,31,0,14,5
26/02/2024,63,0,32,0,18,2
25/02/2024,61,0,30,0,19,1
24/02/2024,54,0,31,0,16,2
23/02/2024,58,0,29,0,16,2
22/02/2024,56,0,31,0,13,2
21/02/2024,50,0,24,0,8,3
20/02/2024,57,0,20,0,5,3
19/02/2024,56,0,40,0,6,3
18/02/2024,48,0,45,0,6,2
17/02/2024,59,0,29,0,3,3
16/02/2024,42,0,26,0,9,4
15/02/2024,51,0,33,0,4,4
14/02/2024,53,0,34,0,3,4
13/02/2024,46,0,43,0,3,2
12/02/2024,50,0,38,0,2,1
11/02/2024,66,0,40,0,6,2
10/02/2024,68,0,24,0,16,4
09/02/2024,62,0,26,0,18,4
08/02/2024,73,0,33,0,20,4
07/02/2024,61,0,19,0,20,5
06/02/2024,46,0,40,0,8,4
05/02/2024,50,0,35,0,8,3
04/02/2024,60,0,50,0,9,1
03/02/2024,57,0,34,0,12,1
02/02/2024,79,0,30,0,11,1
01/02/2024,80,0,30,0,20,2
31/01/2024,70,0,46,0,16,2
30/01/2024,70,0,47,0,20,1
29/01/2024,61,0,48,0,15,1
28/01/2024,61,0,54,0,9, 
27/01/2024,62,0,57,0,8,1
26/01/2024,51,0,51,0,12,1
25/01/2024,62,0,51,0,16,1
24/01/2024,53,0,50,0,6,2
23/01/2024,44,0,35,0,5,3
22/01/2024,43,0,32,0,8,2
21/01/2024,57,0,32,0,8,1
20/01/2024,49,0,31,0,6,2
19/01/2024,56,0,29,0,8,3
18/01/2024,60,0,26,0,11,4
17/01/2024,52,0,20,0,18,2
16/01/2024,56,0,20,0,25,2
15/01/2024,69,0,22,0,17,3
14/01/2024,48,0,30,0,18,1
13/01/2024,53,0,42,0,12,1
12/01/2024,62,0,23,0,15,2
11/01/2024,52,0,26,0,11,2
10/01/2024,86,0,21,0,19,2
09/01/2024,74,0,21,0,18,2
08/01/2024,56,0,26,0,13,2
07/01/2024,70,0,32,0,10,1
06/01/2024,56,0,31,0,13,3
05/01/2024,63,0,30,0,16,1
04/01/2024,62,0,18,0,18,1
03/01/2024,61,0,11,0,17,3
02/01/2024,117,0,19,0,16,3
01/01/2024,65,0,42,0,8,6
31/12/2023,50,0,28,0,3,3
30/12/2023,113,0,33,0,2,2
29/12/2023,135,0,29,0,7,3
28/12/2023,80,0,17,0,14,4
27/12/2023,93,0,9,0,4,8
26/12/2023,62,0,21,0,12,1
25/12/2023,50,0,43,0,6,2
24/12/2023,51,0,30,0,15,3
23/12/2023,74,0,22,0,16,6
22/12/2023,49,0,24,0,25,5
21/12/2023,48,0,21,0,18,3
20/12/2023,46,0,24,0,13,3
19/12/2023,44,0,25,0,14,6
18/12/2023,34,0,20,0,7,6
17/12/2023,50,0,17,0,9,5
16/12/2023,40,0,19,0,10,5
15/12/2023,54,0,17,0,20,3
14/12/2023,62,0,28,0,21,3
13/12/2023,58,0,19,0,27,4
12/12/2023,50,0,21,0,23,4
11/12/2023,63,0,27,0,20,3
10/12/2023,42,0,22,0,33,2
09/12/2023,47,0,34,0,14,3
08/12/2023,44,0,27,0,11,3
07/12/2023,51,0,26,0,14,2
06/12/2023,53,0,24,0,18,2
05/12/2023,43,0,27,0,16,3
04/12/2023,56,0,36,0,13,2
03/12/2023,53,0,45,0,14,2
02/12/2023,54,0,39,0,14,3
01/12/2023,40,0,31,0,21,3
30/11/2023,53,0,30,0,22,2
29/11/2023,51,0,19,0,21,2
28/11/2023,53,0,18,0,29,3
27/11/2023,50,0,25,0,23,4
26/11/2023,49,0,43,0,16,3
25/11/2023,43,0,28,0,15,3
24/11/2023,43,0,23,0,15,3
23/11/2023,31,0,32,0,16,3
22/11/2023,44,0,32,0,14,2
21/11/2023,43,0,14,0,21,3
20/11/2023,48,0,26,0,16,2
19/11/2023,52,0,28,0,14,3
18/11/2023,64,0,38,0,17,2
17/11/2023,51,0,42,0,12,3
16/11/2023,35,0,32,0,14,4
15/11/2023,50,0,36,0,15,3
14/11/2023,39,0,34,0,18,2
13/11/2023,46,0,35,0,9,1
12/11/2023,48,0,34,0,10,1
11/11/2023,43,0,35,0,9,2
10/11/2023,57,0,42,0,6,2
09/11/2023,58,0,38,0,18,2
08/11/2023,46,0,50,0,16,2
07/11/2023,67,0,42,0,9,2
06/11/2023,48,0,28,0,21,2
05/11/2023,49,0,37,0,14,1
04/11/2023,45,0,26,0,18,1
03/11/2023,48,0,37,0,20,1
02/11/2023,50,0,35,0,17,2
01/11/2023,50,0,27,0,16,2
31/10/2023,53,0,20,0,13,3
30/10/2023,46,0,24,0,14,5
29/10/2023,28,0,26,0,16,4
28/10/2023,33,0,15,0,13,5
27/10/2023,45,0,20,0,20,2
26/10/2023,59,0,36,0,21,1
25/10/2023,46,0,26,0,11,3
24/10/2023,57,0,32,0,11,2
23/10/2023,59,0,32,0,17,3
22/10/2023,63,0,67,0,10,3
21/10/2023,52,0,41,0,9,3
20/10/2023,56,0,31,0,15,3
19/10/2023,62,0,46,0,16,4
18/10/2023,69,0,35,0,21,4
17/10/2023,52,0,33,0,23,4
16/10/2023,45,0,32,0,16,3
15/10/2023,42,0,54,0,5, 
14/10/2023,60,0,30,0,6,3
13/10/2023,68,0,47,0,11,5
12/10/2023,71,0,27,0,14,8
11/10/2023,69,0,36,0,16,9
10/10/2023,67,0,29,0,21,9
09/10/2023,57,0,35,0,24,8
08/10/2023, ,0,42,0,16,6
06/10/2023,52,0, ,0, , 
05/10/2023,66,0,12,0,10,6
04/10/2023,51,0,55,0,16,7
03/10/2023,45,0,41,0,15,7
02/10/2023,46,0,45,0,14,6
01/10/2023,53,0,53,0,14,6
30/09/2023,57,0,37,0,13,7
29/09/2023,74,0,57,0,8,7
28/09/2023,59,0,45,0,19,10
27/09/2023,63,0,44,0,11,8
26/09/2023,65,0,40,0,14,9
25/09/2023,50,0,49,0,17,9
24/09/2023,66,0,51,0,12,7
23/09/2023,77,0,54,0,12,7
22/09/2023,52,0,61,0,12,7
21/09/2023,56,0,55,0,7,5
20/09/2023,57,0,53,0,7,6
19/09/2023,51,0,44,0,20,6
18/09/2023,48,0,54,0,10,6
17/09/2023,47,0,59,0,14,4
16/09/2023,45,0,62,0,8,6
15/09/2023,52,0,40,0,16,6
14/09/2023,58,0,42,0,14,5
13/09/2023,58,0,46,0,9,5
12/09/2023,54,0,43,0,9,6
11/09/2023,55,0,55,0,11,6
10/09/2023,64,0,38,0,17,6
09/09/2023,58,0,38,0,16,6
08/09/2023,56,0,71,0,9,5
07/09/2023,44,0,64,0,12,5
06/09/2023,47,0,78,0,4,4
05/09/2023,43,0,46,0,11,6
04/09/2023,52,0,47,0,9,6
03/09/2023,58,0,43,0,10,5
02/09/2023,49,0,51,0,11,7
01/09/2023,40,0,49,0,6,6
31/08/2023,42,0,47,0,3,5
30/08/2023,44,0,54,0,6,5
29/08/2023,37,0,42,0,6,6
28/08/2023,36,0,39,0,6,5
27/08/2023,55,0,57,0,4,4
26/08/2023,47,0,63,0,7,8
25/08/2023,48,0,36,0,8,8
24/08/2023,50,0,45,0,9,6
23/08/2023,54,0,57,0,5,6
22/08/2023,40,0,19,0,13,7
21/08/2023,42,0,28,0,13,5
20/08/2023,55,0,51,0,5,6
19/08/2023,54,0,44,0,9,6
18/08/2023,51,0,50,0,14,5
17/08/2023,55,0,43,0,12,5
16/08/2023,45,0,53,0,8,5
15/08/2023,52,0,26,0,6,5
14/08/2023,51,0,41,0,6,5
13/08/2023,48,0,46,0,5,4
12/08/2023,58,0,45,0,6,5
11/08/2023,48,0,36,0,9,6
10/08/2023,52,0,49,0,8,5
09/08/2023,40,0,36,0,13,7
08/08/2023,37,0,19,0,8,5
07/08/2023,38,0,32,0,5,5
06/08/2023,39,0,38,0,3,5
05/08/2023,47,0,37,0,3,6
04/08/2023,38,0,45,0,3,7
03/08/2023,38,0,51,0,3,6
02/08/2023,38,0,40,0,2,7
01/08/2023,34,0,30,0,3,7
31/07/2023,30,0,31,0,1,5
30/07/2023,42,0,32,0,2,6
29/07/2023,50,0,26,0,5,8
28/07/2023,62,0,31,0,4,9
27/07/2023,61,0,45,0,4,8
26/07/2023,46,0,43,0,6,8
25/07/2023,36,0,32,0,4,6
24/07/2023,29,0,31,0,4,5
23/07/2023,27,0,34,0,3,5
22/07/2023,24,0,36,0,1,5
21/07/2023,21,0,31,0, ,5
20/07/2023,29,0,32,0, ,4
19/07/2023,34,0,40,0,1,5
18/07/2023,44,0,39,0,4,6
17/07/2023,37,0,24,0,3,7
16/07/2023,38,0,28,0,3,5
15/07/2023,48,0,27,0,2,6
14/07/2023,46,0,29,0,4,6
13/07/2023,41,0,38,0,9,6
12/07/2023,41,0,31,0,9,6
11/07/2023,38,0,30,0,9,6
10/07/2023,30,0,26,0,7,7
09/07/2023,33,0,27,0,5,5
08/07/2023,35,0,37,0,4,5
07/07/2023,34,0,29,0,5,4
06/07/2023,50,0,37,0,4,4
05/07/2023,42,0,32,0,8,6
04/07/2023,45,0,36,0,7,6
03/07/2023,45,0,37,0,4,4
02/07/2023,41,0,50,0,6,4
01/07/2023,35,0,33,0,5,5
30/06/2023,27,0,20,0,6,6
29/06/2023,55,0,26,0,5,4
28/06/2023,45,0,33,0,10,6
27/06/2023,49,0,31,0,5,4
26/06/2023,45,0,28,0,5,5
25/06/2023,49,0,38,0,3,4
24/06/2023,55,0,39,0,9,4
23/06/2023,43,0,30,0,8,5
22/06/2023,26,0,27,0,4,4
21/06/2023,42,0,21,0,5,5
20/06/2023,34,0,36,0,5,5
19/06/2023,25,0,38,0,4,3
18/06/2023,46,0,34,0,3,2
17/06/2023,43,0,25,0,6,5
16/06/2023,46,0,23,0,3,4
15/06/2023,46,0,21,0,4,4
14/06/2023,47,0,25,0,7,5
13/06/2023,39,0,36,0,7,4
12/06/2023,45,0,31,0,7,4
11/06/2023,55,0,38,0,6,4
10/06/2023,47,0,36,0,6,4
09/06/2023,51,0,25,0,7,4
08/06/2023,49,0,32,0,6,5
07/06/2023,52,0,31,0,7,5
06/06/2023,39,0,24,0,9,6
05/06/2023,44,0,21,0,7,5
04/06/2023,50,0,28,0,6,5
03/06/2023,49,0,26,0,6,6
02/06/2023,55,0,30,0,4,5
01/06/2023,57,0,23,0,13,6
31/05/2023,49,0,23,0,9,7
30/05/2023,38,0,40,0,5,7
29/05/2023,36,0,39,0,5,6
28/05/2023,52,0,27,0,6,7
27/05/2023,44,0,40,0,5,7
26/05/2023,40,0,36,0,8,7
25/05/2023,61,0,38,0,4,6
24/05/2023,43,0,43,0,8,8
23/05/2023,34,0,17,0,10,7
22/05/2023,41,0,35,0,5,6
21/05/2023,51,0,38,0,5,7
20/05/2023,53,0,29,0,5,7
19/05/2023,47,0,28,0,11,8
18/05/2023,46,0,33,0,9,8
17/05/2023,41,0,32,0,8,7
16/05/2023,41,0,19,0,16,7
15/05/2023,36,0,29,0,5,7
14/05/2023,51,0,19,0,6,7
13/05/2023,60,0,26,0,7,9
12/05/2023,54,0,28,0,9,9
11/05/2023,58,0, ,0,6,7
10/05/2023,59,0,28,0,8,8
09/05/2023,48,0,31,0,10,8
08/05/2023,53,0,40,0,7,7
07/05/2023,54,0,26,0,25,6
06/05/2023,46,0,21,0,16,8
05/05/2023,42,0,25,0,9,8
04/05/2023,41,0,26,0,7,7
03/05/2023,43,0,33,0,8,6
02/05/2023,30,0,28,0,8,7
01/05/2023,34,0,25,0,4,5
30/04/2023,51,0,35,0,3,5
29/04/2023,43,0,36,0,6,6
28/04/2023,58,0,34,0,6,6
27/04/2023,40,0,33,0,12,8
26/04/2023,46,0,29,0,8,7
25/04/2023,44,0,48,0,8,6
24/04/2023,36,0,46,0,8,7
23/04/2023,40,0,28,0,5,7
22/04/2023,43,0,46,0,5,6
21/04/2023,41,0,40,0,5,6
20/04/2023,43,0,38,0,4,6
19/04/2023,41,0,40,0,5,6
18/04/2023,39,0,44,0,6,6
17/04/2023,37,0,33,0,3,7
16/04/2023,52,0,32,0,3,5
15/04/2023,57,0,45,0,5,6
14/04/2023,52,0,47,0,6,5
13/04/2023,57,0,38,0,6,6
12/04/2023,55,0,36,0,7,6
11/04/2023,49,0,45,0,8,6
10/04/2023,44,0,40,0,5,7
09/04/2023,44,0,36,0,5,6
08/04/2023,26,0,30,0,4,7
07/04/2023,34,0,52,0,2,4
06/04/2023,52,0,36,0,4,5
05/04/2023,46,0,45,0,7,7
04/04/2023,46,0,32,0,5,6
03/04/2023,51,0,32,0,6,6
02/04/2023,57,0,46,0,8,7
01/04/2023,62,0,48,0,6,9
31/03/2023,55,0,18,0,6,9
30/03/2023,47,0,51,0,4,6
29/03/2023,55,0,40,0,4,6
28/03/2023,50,0,47,0,5,7
27/03/2023,44,0,47,0,3,5
26/03/2023,27,0,58,0,3,5
25/03/2023,26,0,41,0,3,4
24/03/2023,32,0,18,0,11,4
23/03/2023,47,0,29,0,15,5
22/03/2023,44,0,40,0,11,7
21/03/2023,53,0,34,0,8,7
20/03/2023,42,0,33,0,6,7
19/03/2023,59,0,28,0,6,6
18/03/2023, ,0,4,0,6,11
17/03/2023,58,0, ,0, , 
16/03/2023,46,0,24,0,6,8
15/03/2023,44,0,28,0,5,7
14/03/2023,43,0,14,0,6,9
13/03/2023,49,0,28,0,6,8
12/03/2023,26,0,34,0,5,8
11/03/2023,42,0,15,0,2,6
10/03/2023,30,0,29,0,6,8
09/03/2023,47,0,21,0,3,6
08/03/2023,19,0,24,0,6,8
07/03/2023, ,0,14,0,2,5
06/05/2022,23,0, ,0, , 
05/05/2022,56,0,14,0, ,4
04/05/2022,57,0,36,0,22,6
03/05/2022,50,0,41,0,4,6
02/05/2022,40,0,36,0,11,6
01/05/2022,31,0,32,0,4,6
30/04/2022,60,0,24,0,11,6
29/04/2022,67,0,29,0,5,9
28/04/2022, ,0,33,0,8,9
14/04/2022,13,0, ,0, , 
13/04/2022,48,0,6,0,1,5
12/04/2022,38,0,31,0,2,6
11/04/2022,35,0,23,0,2,6
10/04/2022,42,0,34,0,1,6
09/04/2022,60,0,35,0,1,5
08/04/2022,63,0,37,0,3,7
07/04/2022,59,0,47,0,1,5
06/04/2022,47,0,35,0,4,7
05/04/2022,58,0,29,0,3,7
04/04/2022,47,0,37,0,5,7
03/04/2022,50,0,45,0,3,7
02/04/2022,41,0,44,0,2,7
01/04/2022,50,0,33,0, ,5
31/03/2022,49,0,73,0,3,6
30/03/2022,49,0,34,0,1,7
29/03/2022,65,0,32,0, ,5
28/03/2022,52,0,29,0,2,9
27/03/2022,40,0,31,0,2,6
26/03/2022,57,0,26,0,1,6
25/03/2022,33,0,31,0,5,7
24/03/2022,49,0,33,0,5,6
23/03/2022,55,0,43,0,6,6
22/03/2022,38,0,47,0,8,8
21/03/2022,39,0,24,0,4,8
20/03/2022,42,0,33,0,4,7
19/03/2022,55,0,38,0,4,6
18/03/2022,36,0,46,0,7,7
17/03/2022,39,0,36,0,5,6
16/03/2022,35,0,54,0,3,5
15/03/2022,40,0,46,0,4,6
14/03/2022,38,0,49,0,5,7
13/03/2022,49,0,47,0,5,6
12/03/2022,44,0,22,0,7,8
11/03/2022,46,0,42,0,7,7
10/03/2022,40,0,52,0,6,6
09/03/2022,47,0,42,0,5,6
08/03/2022,38,0,27,0,5,6
07/03/2022,31,0,27,0,5,5
06/03/2022,35,0,37,0,3,5
05/03/2022,41,0,29,0,4,6
04/03/2022,31,0,48,0,6,5
03/03/2022,39,0,36,0,4,5
02/03/2022,9,0,31,0,5,5
01/03/2022,44,0,34,0,3,5
28/02/2022,36,0,42,0,5,6
27/02/2022,41,0,40,0,6,5
26/02/2022,44,0,28,0,9,5
25/02/2022,34,0,28,0,15,5
24/02/2022,73,0,34,0,11,5
23/02/2022,80,0,38,0,15,7
22/02/2022,39,0,37,0,20,7
21/02/2022,38,0,32,0,16,5
20/02/2022,43,0,24,0,14,5
19/02/2022,58,0,29,0,16,5
18/02/2022,63,0,27,0,19,6
17/02/2022,62,0,46,0,18,6
16/02/2022,43,0,73,0,16,5
15/02/2022,42,0,39,0,9,4
14/02/2022,33,0,46,0,6,6
13/02/2022,38,0,44,0,3,5
12/02/2022,46,0,31,0,14,4
11/02/2022, ,0,33,0,16,4
06/01/2022,17,0, ,0, , 
05/01/2022,49,0,29,0,6,3
04/01/2022,54,0,56,0,12,5
03/01/2022, ,0,55,0,11,4
02/01/2022, ,0,45,0,10,4
01/01/2022,26,0,59,0,8,5
31/12/2021,53,0,58,0,8,5
30/12/2021,57,0,51,0,10,5
29/12/2021,52,0,40,0,7,5
28/12/2021,47,0,63,0,10,5
27/12/2021,55,0,58,0,8,6
26/12/2021,43,0,45,0,11,5
25/12/2021,43,0,46,0,8,4
24/12/2021,49,0,50,0,7,5
23/12/2021,30,0,51,0,7,5
22/12/2021,24,0,42,0,5,5
21/12/2021,58,0,18,0,5,6
20/12/2021, ,0,20,0,7,6
19/12/2021,38,0, ,0, , 
18/12/2021,29,0,26,0,5,4
17/12/2021,33,0,20,0,4,6
16/12/2021,41,0,28,0,3,6
15/12/2021,29,0,34,0,4,6
14/12/2021,21,0,21,0,3,6
13/12/2021,17,0,22,0,3,7
12/12/2021,40,0,25,0,3,5
11/12/2021,53,0,40,0,4,8
10/12/2021,44,0,40,0,4,8
09/12/2021,53,0,41,0,5,7
08/12/2021,51,0,33,0,6,8
07/12/2021,47,0,35,0,7,8
06/12/2021,43,0,42,0,7,8
05/12/2021,46,0,46,0,5,8
04/12/2021,54,0,47,0,6,7
03/12/2021,57,0,50,0,7,7
02/12/2021,68,0,44,0,9,6
01/12/2021,53,0,46,0,9,9
30/11/2021,38,0,43,0,5,7
29/11/2021,39,0,36,0,3,5
28/11/2021,56,0,67,0,6,6
27/11/2021,60,0,59,0,6,9
26/11/2021,54,0,51,0,5,9
25/11/2021,37,0,30,0,6,8
24/11/2021,39,0,40,0,3,5
23/11/2021,35,0,33,0,4,4
22/11/2021,48,0,44,0,4,3
21/11/2021,36,0,52,0,5,3
20/11/2021,29,0,40,0,3,3
19/11/2021,33,0,31,0,3,2
18/11/2021,31,0,44,0,3,2
17/11/2021,41,0,45,0,3,3
16/11/2021,39,0,33,0,5,4
15/11/2021,45,0,41,0,4,3
14/11/2021,51,0,50,0,3,2
13/11/2021,45,0,34,0,5,3
12/11/2021,49,0,48,0,3,3
11/11/2021,40,0,65,0,6,5
10/11/2021,24,0,32,0,4,4
09/11/2021,43,0,35,0,3,4
08/11/2021,52,0,44,0,4,5
07/11/2021,58,0,39,0,4,4
06/11/2021,36,0,38,0,5,5
05/11/2021,46,0,12,0,9,5
04/11/2021,39,0,48,0,5,7
03/11/2021,30,0,54,0,4,7
02/11/2021,56,0,42,0,4,6
01/11/2021,53,0,42,0,3,9
31/10/2021,60,0,47,0,4,9
30/10/2021,53,0,55,0,6,10
29/10/2021,57,0,37,0,6,10
28/10/2021,59,0,68,0,6,8
27/10/2021,56,0,53,0,7,9
26/10/2021,51,0,38,0,16,8
25/10/2021,45,0,73,0,8,9
24/10/2021,45,0,94,0,6,8
23/10/2021,48,0,46,0,3,9
22/10/2021,47,0,38,0,9,8
21/10/2021,57,0,42,0,7,9
20/10/2021,59,0,43,0,9,9
19/10/2021,48,0,53,0,8,7
18/10/2021,47,0,52,0,6,9
17/10/2021,50,0,39,0,6,8
16/10/2021,61,0,34,0,16,8
15/10/2021,67,0,42,0,15,9
14/10/2021,56,0,36,0,12,9
13/10/2021,56,0,45,0,9,8
12/10/2021,61,0,37,0,15,9
11/10/2021,50,0,34,0,22,9
10/10/2021,51,0,21,0,15,8
09/10/2021,65,0,41,0,9,7
08/10/2021,61,0,38,0,12,7
07/10/2021,63,0,29,0,22,7
06/10/2021,56,0,31,0,12,8
05/10/2021,63,0,37,0,14,7
04/10/2021,38,0,26,0,18,8
03/10/2021,53,0,40,0,14,7
02/10/2021,64,0,54,0,8,10
01/10/2021,43,0,27,0,17,9
30/09/2021,46,0,36,0,9,8
29/09/2021,45,0,28,0,13,7
28/09/2021,36,0,54,0,9,6
27/09/2021,31,0,68,0,7,6
26/09/2021,39,0,69,0,4,6
25/09/2021,43,0,70,0,4,7
24/09/2021,47,0,45,0,6,8
23/09/2021,63,0,49,0,6,6
22/09/2021,61,0,33,0,20,7
21/09/2021,46,0,38,0,13,7
20/09/2021,51,0,47,0,7,6
19/09/2021,52,0,60,0,8,6
18/09/2021,40,0,55,0,5,7
17/09/2021,45,0,67,0,4,6
16/09/2021,42,0,53,0,6,7
15/09/2021,39,0,52,0,7,6
14/09/2021,47,0,57,0,9,5
13/09/2021,42,0,46,0,8,6
12/09/2021,50,0,43,0,4,6
11/09/2021,49,0,47,0,5,6
10/09/2021,52,0,51,0,8,7
09/09/2021,54,0,40,0,8,8
08/09/2021,56,0,47,0,8,8
07/09/2021,40,0,44,0,7,9
06/09/2021,39,0,27,0,5,9
05/09/2021,43,0,50,0,6,6
04/09/2021,52,0,45,0,7,6
03/09/2021,47,0,39,0,6,8
02/09/2021,58,0,37,0,6,7
01/09/2021,62,0,41,0,6,8
31/08/2021,58,0,53,0,5,9
30/08/2021,53,0,32,0,9,7
29/08/2021,62,0,35,0,7,7
28/08/2021,63,0,35,0,8,7
27/08/2021,54,0,34,0,11,6
26/08/2021,39,0,35,0,6,6
25/08/2021,48,0,38,0,4,6
24/08/2021,46,0,46,0,8,5
23/08/2021,55,0,42,0,5,7
22/08/2021,62,0,39,0,5,7
21/08/2021,46,0,35,0,7,8
20/08/2021,53,0,69,0,6,6
19/08/2021,55,0,42,0,5,7
18/08/2021,45,0,36,0,7,7
17/08/2021,44,0,34,0,5,6
16/08/2021,56,0,48,0,3,6
15/08/2021,72,0,45,0,4,7
14/08/2021,50,0,51,0,5,10
13/08/2021,52,0,43,0,4,6
12/08/2021,55,0,31,0,10,6
11/08/2021,52,0,34,0,6,7
10/08/2021,57,0,38,0,7,6
09/08/2021,56,0,46,0,5,6
08/08/2021,53,0,47,0,5,5
07/08/2021,48,0,35,0,5,6
06/08/2021,53,0,35,0,7,6
05/08/2021, ,0,50,0,3,5
07/07/2021,15,0, ,0, , 
06/07/2021,37,0,18,0,6,4
05/07/2021,29,0,51,0,5,4
04/07/2021,39,0,38,0,3,4
03/07/2021,47,0,31,0,3,6
02/07/2021,42,0,30,0,6,7
01/07/2021,32,0,32,0,5,5
30/06/2021,43,0,26,0,4,5
29/06/2021,51,0,36,0,5,6
28/06/2021,47,0,30,0,6,7
27/06/2021,49,0,42,0,4,6
26/06/2021,35,0,35,0,5,6
25/06/2021,50,0,45,0,4,4
24/06/2021,47,0,36,0,7,6
23/06/2021,37,0,36,0,6,6
22/06/2021,46,0,30,0,8,5
21/06/2021, ,0,28,0,6,5
20/06/2021,35,0, ,0, , 
19/06/2021,53,0,13,0,5,5
18/06/2021,42,0,28,0,9,6
17/06/2021,57,0,27,0,6,6
16/06/2021,35,0,30,0,8,9
15/06/2021,59,0,17,0,4,7
14/06/2021,30,0,29,0,6,9
13/06/2021,58,0,26,0,5,6
12/06/2021,62,0,43,0,6,7
11/06/2021,47,0,36,0,6,6
10/06/2021,39,0,40,0,5,6
09/06/2021,42,0,39,0,3,5
08/06/2021,38,0,23,0,5,5
07/06/2021,38,0,27,0,4,5
06/06/2021,59,0,32,0,4,5
05/06/2021,52,0,37,0,6,7
04/06/2021,43,0,36,0,10,10
03/06/2021,58,0,41,0,6,6
02/06/2021,60,0,51,0,5,6
01/06/2021,55,0,32,0,5,8
31/05/2021,59,0,21,0,5,8
30/05/2021,50,0,32,0,3,7
29/05/2021,50,0,47,0,3,6
28/05/2021,46,0,50,0,4,6
27/05/2021,48,0,28,0,3,6
26/05/2021,44,0,31,0,3,6
25/05/2021,36,0,32,0,3,6
24/05/2021,27,0,33,0,1,5
23/05/2021,35,0,29,0,1,5
22/05/2021,49,0,25,0,2,5
21/05/2021,42,0,35,0,9,6
20/05/2021,42,0,36,0,4,6
19/05/2021,44,0,37,0,4,6
18/05/2021,30,0,26,0,4,7
17/05/2021,33,0,24,0,2,5
16/05/2021,50,0,27,0,1,4
15/05/2021,46,0,35,0,5,5
14/05/2021,47,0,38,0,2,5
13/05/2021,52,0,21,0,6,6
12/05/2021,33,0,21,0,4,6
11/05/2021,29,0,19,0,3,6
10/05/2021,34,0,17,0,4,5
09/05/2021,45,0,25,0,3,4
08/05/2021,52,0,32,0,7,5
07/05/2021,37,0,55,0,5,6
06/05/2021,50,0,36,0,4,6
05/05/2021,39,0,46,0,6,6
04/05/2021,37,0,44,0,6,6
03/05/2021,37,0,34,0,4,7
02/05/2021,34,0,30,0,5,4
01/05/2021,33,0,32,0,5,4
30/04/2021,54,0,24,0,4,6
29/04/2021,39,0,39,0,5,7
28/04/2021,37,0,36,0,3,6
27/04/2021,31,0,34,0,4,6
26/04/2021,44,0,37,0,3,5
25/04/2021,39,0,45,0,4,4
24/04/2021,47,0,51,0,4,4
23/04/2021,62,0,46,0,5,6
22/04/2021,39,0,42,0,8,7
21/04/2021,56,0,42,0,5,6
20/04/2021,40,0,32,0,6,7
19/04/2021,48,0,23,0,3,7
18/04/2021,65,0,43,0,5,6
17/04/2021,40,0,19,0,8,8
16/04/2021,56,0,63,0,6,5
15/04/2021,46,0,31,0,6,6
14/04/2021,31,0,37,0,3,4
13/04/2021,36,0,32,0,6,5
12/04/2021,41,0,31,0,6,6
11/04/2021,46,0,47,0,5,5
10/04/2021,49,0,49,0,4,5
09/04/2021,32,0,39,0,7,5
08/04/2021,51,0,42,0,2,3
07/04/2021,52,0,42,0,6,6
06/04/2021,41,0,38,0,5,6
05/04/2021,39,0,27,0,4,5
04/04/2021,36,0,33,0,2,5
03/04/2021,38,0,40,0,3,4
02/04/2021,43,0,40,0,6,5
01/04/2021,18,0,37,0,7,5
31/03/2021, ,0,27,0,3,7
30/03/2021, ,0,32,0,4,7
29/03/2021, ,0,53,0,4,7
28/03/2021, ,0,60,0,6,10
27/03/2021, ,0,57,0,5,9
26/03/2021, ,0,68,0,6,10
25/03/2021, ,0,58,0,6,8
24/03/2021, ,0,40,0,3,8
23/03/2021, ,0,33,0,2,7
22/03/2021, ,0,46,0,3,6
21/03/2021, ,0,42,0,3,9
20/03/2021, ,0,49,0,4,11
19/03/2021, ,0,38,0,2,7
18/03/2021, ,0,31,0,4,8
17/03/2021, ,0,43,0,5,8
16/03/2021, ,0,39,0,2,6
15/03/2021, ,0,41,0,2,7
14/03/2021, ,0,43,0,3,8
13/03/2021,47,0,33,0,1,6
12/03/2021,52,0,22,0,3,7
11/03/2021,43,0,31,0,1,6
10/03/2021,40,0,25,0,2,6
09/03/2021, ,0,31,0,2,7
08/03/2021, ,0,48,0,5,6
07/03/2021, ,0,61,0,2,7
06/03/2021, ,0,36,0,2,8
05/03/2021, ,0,46,0,3,7
04/03/2021, ,0,40,0,2,6
03/03/2021, ,0,22,0,3,6
02/03/2021, ,0,36,0,1,6
01/03/2021, ,0,44,0,1,6
28/02/2021, ,0,42,0,2,6
27/02/2021, ,0,33,0,1,5
26/02/2021, ,0,29,0,2,5
25/02/2021, ,0,35,0,2,6
24/02/2021, ,0,57,0,3,5
23/02/2021, ,0,28,0, ,4
22/02/2021, ,0,33,0, ,5
21/02/2021, ,0,34,0,3,5
20/02/2021, ,0,25,0, ,5
19/02/2021, ,0,36,0, ,4
18/02/2021, ,0,46,0,2,5
17/02/2021, ,0,39,0, ,5
16/02/2021, ,0,44,0,3,6
14/02/2021, ,0,9,0, ,4
13/02/2021, ,0,45,0, ,5
12/02/2021, ,0,43,0, ,4
11/02/2021, ,0,54,0,2,5
10/02/2021, ,0,50,0,3,6
09/02/2021, ,0,40,0,3,6
08/02/2021, ,0,39,0,5,5
07/02/2021, ,0,41,0,6,6
06/02/2021, ,0,32,0,5,6
05/02/2021, ,0,47,0,6,5
04/02/2021, ,0,37,0,6,5
03/02/2021, ,0,37,0,5,4
02/02/2021, ,0,38,0,5,5
01/02/2021, ,0,36,0,5,5
31/01/2021, ,0,41,0,4,5
30/01/2021, ,0,47,0,4,4
29/01/2021, ,0,46,0,4,4
28/01/2021, ,0,40,0,4,4
27/01/2021, ,0,36,0,4,4
26/01/2021, ,0,36,0,8,5
25/01/2021, ,0,38,0,6,4
24/01/2021, ,0,44,0,6,5
23/01/2021, ,0,27,0,4,4
22/01/2021, ,0,39,0,4,4
21/01/2021, ,0,47,0,6,4
20/01/2021, ,0,45,0,6,4
19/01/2021, ,0,39,0,5,4
18/01/2021, ,0,41,0,3,3
17/01/2021, ,0,40,0,4,4
16/01/2021, ,0,43,0,4,4
15/01/2021, ,0,39,0,6,4
14/01/2021, ,0,28,0,6,4
13/01/2021, ,0,40,0,7,4
12/01/2021, ,0,34,0,4,4
11/01/2021, ,0,41,0,4,4
10/01/2021, ,0,40,0,5,4
09/01/2021, ,0,32,0,3,5
08/01/2021, ,0,42,0,3,3
07/01/2021, ,0,35,0,3,3
06/01/2021, ,0,29,0,3,4
05/01/2021, ,0,28,0,1,4
04/01/2021, ,0,24,0, , 
03/01/2021, ,0,45,0,2,5
02/01/2021, ,0,56,0,2,4
01/01/2021, ,0,42,0,5,5
31/12/2020, ,0,37,0,5,6
30/12/2020, ,0,43,0,6,6
29/12/2020, ,0,31,0,5,6
28/12/2020, ,0,37,0,4,6
27/12/2020, ,0,25,0,8,4
26/12/2020, ,0,39,0,8,4
25/12/2020, ,0,28,0,4,5
24/12/2020, ,0,28,0,18,5
23/12/2020, ,0,34,0,19,6
22/12/2020, ,0,32,0,22,5
21/12/2020, ,0,36,0,12,5
20/12/2020, ,0,41,0,3,5
19/12/2020, ,0,35,0,4,5
18/12/2020, ,0,20,0,5,5
17/12/2020, ,0,39,0,6,5
16/12/2020, ,0,39,0,11,6
15/12/2020, ,0,34,0,9,6
14/12/2020, ,0,48,0,12,5
13/12/2020, ,0,51,0,5,4
12/12/2020, ,0,31,0,7,6
11/12/2020, ,0,46,0,8,8
10/12/2020, ,0,40,0,6,5
09/12/2020, ,0,38,0,5,5
08/12/2020, ,0,40,0,4,4
07/12/2020, ,0,37,0,5,4
06/12/2020, ,0,37,0,4,5
05/12/2020, ,0,36,0,5,5
04/12/2020, ,0,34,0,4,4
03/12/2020, ,0,26,0,11,4
02/12/2020, ,0,36,0,14,3
01/12/2020, ,0,37,0,7,3
30/11/2020, ,0,64,0,8,2
29/11/2020, ,0,46,0,6,3
28/11/2020, ,0,28,0,8,5
27/11/2020, ,0,39,0,10,5
26/11/2020, ,0,37,0,16,4
25/11/2020, ,0,30,0,13,4
24/11/2020, ,0,31,0,7,4
23/11/2020, ,0,56,0,7,5
22/11/2020, ,0,38,0,6,3
21/11/2020, ,0,26,0,6,4
20/11/2020, ,0,22,0,7,4
19/11/2020, ,0,41,0,15,4
18/11/2020, ,0,33,0,13,4
17/11/2020, ,0,40,0,14,4
16/11/2020, ,0,46,0,12,4
15/11/2020, ,0,41,0,16,3
14/11/2020, ,0,48,0,14,3
13/11/2020, ,0,51,0,6,3
12/11/2020, ,0,44,0,16,3
11/11/2020, ,0,56,0,15,4
10/11/2020, ,0,54,0,12,6
09/11/2020, ,0,64,0,13,5
08/11/2020, ,0,52,0,9,4
07/11/2020, ,0,51,0,13,5
06/11/2020, ,0,69,0,20,5
05/11/2020, ,0,54,0,21,5
04/11/2020, ,0,54,0,13,4
03/11/2020, ,0,56,0,12,3
02/11/2020, ,0,66,0,12,3
01/11/2020, ,0,56,0,3,4
31/10/2020, ,0,42,0,9,4
30/10/2020, ,0,66,0,9,4
29/10/2020, ,0,28,0,11,4
28/10/2020, ,0,20,0,16,3
27/10/2020, ,0,45,0,10,5
26/10/2020, ,0,61,0,8,5
25/10/2020, ,0,53,0,3,5
24/10/2020, ,0,41,0,6,6
23/10/2020, ,0,37,0,8,4
22/10/2020, ,0,32,0,9,5
21/10/2020, ,0,47,0,11,5
20/10/2020, ,0,41,0,7,6
19/10/2020, ,0,47,0,3,7
18/10/2020, ,0,37,0,3,7
17/10/2020, ,0,42,0,3,6
16/10/2020, ,0,58,0,4,6
15/10/2020, ,0,51,0,3,6
14/10/2020, ,0,55,0,5,6
13/10/2020, ,0,64,0,3,5
12/10/2020, ,0,80,0,1,5
11/10/2020, ,0,83,0,2,5
10/10/2020, ,0,77,0,2,6
09/10/2020, ,0,70,0,2,5
08/10/2020, ,0,57,0,2,5
07/10/2020, ,0,68,0,3,5
06/10/2020, ,0,52,0,3,6
05/10/2020, ,0,43,0,2,5
04/10/2020, ,0,31,0,10,6
03/10/2020, ,0,54,0,17,7
02/10/2020, ,0,46,0,3,5
01/10/2020, ,0,14,0,6,6
30/09/2020, ,0, ,0,5,6
24/09/2020, ,0,58,0, , 
23/09/2020, ,0,57,0,7,6
22/09/2020, ,0,56,0,5,5
21/09/2020, ,0,40,0,4,5
20/09/2020, ,0,44,0,6,5
19/09/2020, ,0,57,0,6,7
18/09/2020, ,0,57,0,7,6
17/09/2020, ,0,46,0,6,7
16/09/2020, ,0,36,0,8,6
15/09/2020, ,0,46,0,7,6
14/09/2020, ,0,40,0,6,6
13/09/2020, ,0,47,0,4,6
12/09/2020, ,0,56,0,4,7
11/09/2020, ,0,56,0,5,7
10/09/2020, ,0,59,0,6,7
09/09/2020, ,0,56,0,4,6
08/09/2020, ,0,56,0,4,6
07/09/2020, ,0,57,0,3,5
06/09/2020, ,0,45,0,7,5
05/09/2020, ,0,43,0,4,6
04/09/2020, ,0,46,0,2,5
03/09/2020, ,0,46,0,3,7
02/09/2020, ,0,36,0,3,8
01/09/2020, ,0,68,0,4,6
31/08/2020, ,0,63,0,4,6
30/08/2020, ,0,37,0,2,6
29/08/2020, ,0,40,0,2,6
28/08/2020, ,0,57,0,2,5
27/08/2020, ,0,50,0,3,6
26/08/2020, ,0,50,0,1,4
25/08/2020, ,0,63,0,2,3
24/08/2020, ,0,60,0,2,4
23/08/2020, ,0,47,0,4,4
22/08/2020, ,0,32,0,5,5
21/08/2020, ,0,33,0,2,5
20/08/2020, ,0,46,0,3,5
19/08/2020, ,0,44,0,2,3
18/08/2020, ,0,56,0,1,4
17/08/2020, ,0,49,0,5,4
16/08/2020, ,0,38,0,6,4
15/08/2020, ,0,45,0,2,4
14/08/2020, ,0,36,0,3,4
13/08/2020, ,0,36,0,4,5
12/08/2020, ,0,49,0,5,5
11/08/2020, ,0,41,0,4,6
10/08/2020, ,0,36,0,2,5
09/08/2020, ,0,37,0,2,4
08/08/2020, ,0,35,0,2,5
07/08/2020, ,0,33,0,8,5
06/08/2020, ,0,39,0,5,5
05/08/2020, ,0,44,0,8,5
04/08/2020, ,0,39,0,5,4
03/08/2020, ,0,45,0,6,4
02/08/2020, ,0,37,0,5,3
01/08/2020, ,0,33,0,4,4
31/07/2020, ,0,30,0,4,6
30/07/2020, ,0,32,0,4,5
29/07/2020, ,0,35,0,11,5
28/07/2020, ,0,30,0,8,4
27/07/2020, ,0,33,0,3,4
26/07/2020, ,0,35,0,4,4
25/07/2020, ,0,35,0,5,5
24/07/2020, ,0,41,0,4,4
23/07/2020, ,0,34,0,3,4
22/07/2020, ,0,38,0,10,5
21/07/2020, ,0,32,0,5,5
20/07/2020, ,0,35,0,8,5
19/07/2020, ,0,41,0,7,5
18/07/2020, ,0,52,0,4,4
17/07/2020, ,0,46,0,4,5
16/07/2020, ,0,39,0,6,4
15/07/2020, ,0,43,0,6,5
14/07/2020, ,0,34,0,8,5
13/07/2020, ,0,57,0,8,6
12/07/2020, ,0,48,0,7,4
11/07/2020, ,0,44,0,6,5
10/07/2020, ,0,29,0,5,5
09/07/2020, ,0,34,0,8,5
08/07/2020, ,0,29,0,5,6
07/07/2020, ,0,37,0,7,6
06/07/2020, ,0,38,0,7,6
05/07/2020, ,0,38,0,4,4
04/07/2020, ,0,34,0,3,4
03/07/2020, ,0,34,0,5,5
02/07/2020, ,0,30,0,5,5
01/07/2020, ,0,41,0,5,5
30/06/2020, ,0,50,0,4,5
29/06/2020, ,0,33,0,6,5
28/06/2020, ,0,51,0,6,4
27/06/2020, ,0,45,0,4,4
26/06/2020, ,0,33,0,3,4
25/06/2020, ,0,36,0,4,4
24/06/2020, ,0,36,0,8,5
23/06/2020, ,0,30,0,7,5
22/06/2020, ,0,28,0,4,5
21/06/2020, ,0,27,0,6,4
20/06/2020, ,0,18,0,3,4
19/06/2020, ,0,30,0,6,6
18/06/2020, ,0,48,0,4,4
17/06/2020, ,0,32,0,6,5
16/06/2020, ,0,31,0,6,5
15/06/2020, ,0,26,0,4,4
14/06/2020, ,0,29,0,5,5
13/06/2020, ,0,48,0,5,4
12/06/2020, ,0,40,0,5,5
11/06/2020, ,0,54,0,5,5
10/06/2020, ,0,48,0,7,5
09/06/2020, ,0,46,0,6,5
08/06/2020, ,0,36,0,5,5
07/06/2020, ,0,36,0,3,4
06/06/2020, ,0,37,0,5,4
05/06/2020, ,0,24,0,5,6
04/06/2020, ,0,38,0,7,5
03/06/2020, ,0,32,0,5,7
02/06/2020, ,0,18,0,4,4
01/06/2020, ,0,30,0,5,4
31/05/2020, ,0,30,0,2,3
30/05/2020, ,0,29,0,2,3
29/05/2020, ,0,31,0,2,3
28/05/2020, ,0,40,0,6,4
27/05/2020, ,0,27,0,3,3
26/05/2020, ,0,25,0,3,4
25/05/2020, ,0,25,0,4,4
24/05/2020, ,0,29,0,4,3
23/05/2020, ,0,30,0,6,4
22/05/2020, ,0,36,0,4,4
20/05/2020,35,0, ,0, , 
19/05/2020,37,0,9,0,11,9
18/05/2020,45,0,32,0,3,5
17/05/2020,48,0,16,0,2,5
16/05/2020,53,0,25,0,3,5
15/05/2020,60,0,39,0,4,5
14/05/2020,55,0,50,0,6,6
13/05/2020,40,0,31,0,3,5
12/05/2020,40,0,32,0,5,5
11/05/2020,45,0,34,0,4,5
10/05/2020,43,0,30,0,3,4
09/05/2020,51,0,25,0,4,4
08/05/2020,50,0,28,0,2,5
07/05/2020,48,0,27,0,3,5
06/05/2020,42,0,33,0,3,5
05/05/2020,43,0,27,0,4,5
04/05/2020,39,0,31,0,5,5
03/05/2020,50,0,29,0,4,4
02/05/2020,48,0,28,0,2,5
01/05/2020,48,0,27,0,3,5
30/04/2020,55,0,34,0,3,5
29/04/2020,61,0,45,0,3,5
28/04/2020,49,0,41,0,4,5
27/04/2020,56,0,37,0,3,6
26/04/2020,40,0,42,0,2,4
25/04/2020,38,0,36,0,1,4
24/04/2020,38,0,35,0,1,4
23/04/2020,35,0,32,0,1,4
22/04/2020,37,0,42,0,3,5
21/04/2020,37,0,36,0,2,5
20/04/2020,39,0,35,0,2,5
19/04/2020,44,0,39,0,1,5
18/04/2020,47,0,51,0, ,6
17/04/2020,38,0,61,0,2,6
16/04/2020,26,0,38,0,3,6
15/04/2020,21,0,44,0,1,5
14/04/2020,28,0,36,0,1,4
13/04/2020,32,0,42,0,1,5
12/04/2020,26,0,31,0,2,5
11/04/2020,32,0,28,0, ,4
10/04/2020,39,0,36,0,2,4
09/04/2020,31,0,37,0,4,4
08/04/2020,30,0,33,0,5,3
07/04/2020,30,0,35,0,4,3
06/04/2020,33,0,33,0,5,3
05/04/2020,42,0,32,0,5,4
04/04/2020,42,0,39,0,4,3
03/04/2020,37,0,35,0,3,3
02/04/2020,22,0,34,0,3,4
01/04/2020, ,0,38,0,2,3
30/03/2020,34,0, ,0,22,3
29/03/2020,23,0,43,0,4,3
28/03/2020,34,0,41,0,3,3
27/03/2020,42,0,51,0,3,3
26/03/2020,80,0,47,0,5,4
25/03/2020,66,0,58,0,4,3
24/03/2020,47,0,45,0,4,2
23/03/2020,34,0,41,0,2,2
22/03/2020,25,0,37,0,1,2
21/03/2020,20,0,34,0,1,3
20/03/2020,36,0,51,0,3,3
19/03/2020,35,0,43,0,2,3
18/03/2020,27,0,56,0,2,3
17/03/2020,22,0,38,0,1,3
16/03/2020,29,0,36,0,6,3
15/03/2020,32,0,28,0,9,4
14/03/2020,34,0,52,0,3,4
13/03/2020,46,0,45,0,5,6
12/03/2020,51,0,48,0,4,6
11/03/2020,52,0,55,0,5,6
10/03/2020,45,0,44,0,4,5
09/03/2020,42,0,58,0,4,5
08/03/2020,42,0,49,0,3,5
07/03/2020,42,0,28,0,3,6
06/03/2020,53,0,40,0,4,5
05/03/2020,48,0,37,0,4,5
04/03/2020,48,0,37,0,4,6
03/03/2020,52,0,87,0,7,6
02/03/2020,49,0,57,0,6,6
01/03/2020,60,0,42,0,8,9
29/02/2020,43,0,45,0,6,7
28/02/2020,32,0,43,0,3,5
27/02/2020,28,0,32,0,3,5
26/02/2020,45,0,41,0,5,5
25/02/2020,39,0,35,0,4,5
24/02/2020,43,0,55,0,4,6
23/02/2020,49,0,43,0,4,6
22/02/2020,38,0,35,0,5,6
21/02/2020,55,0,37,0,8,6
20/02/2020,50,0,29,0,11,6
19/02/2020,52,0,38,0,8,8
18/02/2020,45,0,35,0,5,6
17/02/2020,53,0,41,0,8,6
16/02/2020,62,0,47,0,9,6
15/02/2020,71,0,51,0,12,7
14/02/2020,60,0,35,0,10,6
13/02/2020,69,0,36,0,7,6
08/02/2020,74,0,56,0,8,6
07/02/2020,53,0,62,0,8,4
06/02/2020,52,0,64,0,8,4
05/02/2020,38,0,44,0,4,4
04/02/2020,40,0,38,0,4,5
03/02/2020,55,0,39,0,5,5
02/02/2020,75,0,23,0,9,8
01/02/2020,63,0,41,0,5,6
31/01/2020,53,0,46,0,7,6
30/01/2020,34,0,27,0,3,4
29/01/2020,51,0,31,0,7,8
28/01/2020,24,0,36,0,2,5
27/01/2020,41,0,34,0,5,6
26/01/2020,45,0,44,0,7,7
25/01/2020,33,0,35,0,4,7
24/01/2020,26,0,42,0,3,5
23/01/2020,25,0,28,0,3,5
22/01/2020,30,0,25,0,3,6
21/01/2020,42,0,33,0,4,7
20/01/2020,33,0,25,0,6,6
19/01/2020,26,0,25,0,4,6
18/01/2020,44,0,25,0,6,8
17/01/2020,45,0,23,0,5,8
16/01/2020,55,0,30,0,6,7
15/01/2020,49,0,39,0,7,7
14/01/2020,40,0,29,0,6,7
13/01/2020,29,6,26,0,3,5
12/01/2020,42,9,28,0,5,6
11/01/2020,44,13,28,0,6,7
10/01/2020,50,11,30,0,9,8
09/01/2020,48,12,57,0,5,5
08/01/2020,38,15,58,0,5,5
07/01/2020,30, ,39,0,3,5
06/01/2020,27, ,41,0,2,4
05/01/2020,40, ,58,0,4,5
04/01/2020,27, ,44,0,3,5
03/01/2020, , ,27,0,2,5
02/01/2020, , ,34,0,2,4
29/12/2019, , ,44,0,3,5
28/12/2019, , ,40,0,3,6
27/12/2019, , ,37,0,3,6
26/12/2019, , ,29,0,3,5
25/12/2019, , ,49,0,3,5
24/12/2019, , ,30,0,5,7
23/12/2019,40, ,32,0,4,5
22/12/2019,58, ,29,0,4,5
21/12/2019,50, ,35,0,6,7
20/12/2019,53, ,34,0,4,5
19/12/2019,46, ,33,0,8,6
18/12/2019,51, ,35,0,8,7
17/12/2019,18, ,50,0,6,6
16/12/2019,72, ,25,0,4,5
15/12/2019,63, ,49,0,5,7
14/12/2019,56, ,54,0,5,6
13/12/2019,37, ,52,0,5,6
12/12/2019,36, ,41,0,4,6
11/12/2019,42, ,52,0,5,5
10/12/2019,44, ,49,0,4,5
09/12/2019,29, ,45,0,8,7
08/12/2019,32, ,47,0,3,5
07/12/2019,50, ,44,0,3,5
06/12/2019,48, ,51,0,4,6
05/12/2019,58, ,44,0,6,7
04/12/2019,56, ,42,0,7,7
03/12/2019,58, ,50,0,6,6
02/12/2019,42, ,46,0,6,7
01/12/2019,39, ,43,0,3,7
30/11/2019,57, ,47,0,2,5
29/11/2019,44, ,44,0,3,4
28/11/2019,46, ,30,0,4,5
27/11/2019,49, ,24,0,4,4
26/11/2019,34, ,25,0,7,4
25/11/2019,52, ,32,0,5,5
24/11/2019,48, ,52,0,6,6
23/11/2019,37, ,56,0,3,6
22/11/2019,33, ,52,0,2,5
21/11/2019,51, ,45,0,3,5
20/11/2019,48, ,52,0,5,6
19/11/2019,50, ,38,0,6,5
18/11/2019,29, ,36,0,6,7
17/11/2019,32, ,42,0,2,4
16/11/2019,33,21,36,0,3,4
15/11/2019,35,23,25,0,2,5
14/11/2019,33,21,39,0,2,5
13/11/2019,45,43,32,0,2,5
12/11/2019,39,67,40,0,3,5
11/11/2019,45,34,32,0,3,6
10/11/2019,42,122,49,0,4,6
09/11/2019,43,23,39,0,3,5
08/11/2019,54,89,45,0,5,5
07/11/2019,46,11,38,0,7,8
06/11/2019,43,2,57,0,4,7
05/11/2019,36,3,48,0,5,6
04/11/2019,47,42,52,0,4,4
03/11/2019,35,41,57,0,4,5
02/11/2019,47,25,62,0,5,5
01/11/2019,54,29,65,0,6,6
31/10/2019,47,23,51,0,10,6
30/10/2019,43, ,25,0,9,6
29/10/2019,38, ,46,0,11,5
28/10/2019,43, ,41,0,6,5
27/10/2019,61, ,47,0,8,6
26/10/2019,67, ,28,0,12,8
25/10/2019,49, ,32,0,14,9
24/10/2019,36, ,36,0,9,8
23/10/2019,39, ,43,0,7,6
22/10/2019, , ,42,0,4,5
20/10/2019,58, , ,0, , 
19/10/2019,69, ,4,0,7,7
18/10/2019,61, ,59,0,7,7
17/10/2019,49, ,55,0,8,7
16/10/2019,49, ,43,0,5,4
15/10/2019,44, ,36,0,5,5
14/10/2019,70, ,47,0,5,4
13/10/2019,70, ,41,0,6,5
12/10/2019,56, ,48,0,7,4
11/10/2019,56, ,39,0,5,5
10/10/2019,59, ,38,0,9,5
09/10/2019,70, ,55,0,9,5
08/10/2019,42, ,29,0,13,6
07/10/2019,37, ,36,0,11,5
06/10/2019,47, ,48,0,6,3
05/10/2019,53, ,51,0,8,5
04/10/2019,51, ,51,0,6,5
03/10/2019,54, ,36,0,14,5
02/10/2019,69, ,48,0,11,4
01/10/2019,52, ,45,0,18,5
30/09/2019,55, ,44,0,10,6
29/09/2019,62, ,45,0,8,5
28/09/2019,66, ,49,0,7,5
27/09/2019,64, ,61,0,9,6
26/09/2019,62, ,63,0,8,6
25/09/2019,50, ,59,0,8,8
24/09/2019,53, ,61,0,6,7
23/09/2019,48, ,54,0,5,6
22/09/2019,73, ,43,0,7,5
21/09/2019,85, ,65,0,9,8
20/09/2019,64, ,66,0,7,8
19/09/2019,64, ,60,0,5,7
18/09/2019,72, ,57,0,6,7
17/09/2019,71, ,49,0,10,7
16/09/2019,49, ,53,0,7,7
15/09/2019,49, ,47,0,5,6
14/09/2019,46, ,45,0,5,6
13/09/2019,70, ,48,0,5,7
12/09/2019,57, ,37,0,6,7
11/09/2019,54, ,38,0,7,7
10/09/2019,36, ,56,0,7,6
09/09/2019,37, ,47,0,5,6
08/09/2019,37, ,58,0,5,6
07/09/2019,53, ,51,0,5,6
06/09/2019,50, ,41,0,5,7
05/09/2019,65, ,41,0,5,7
04/09/2019,61, ,44,0,7,9
03/09/2019,71, ,53,0,6,7
02/09/2019,64, ,58,0,6,6
01/09/2019,61, ,18,0,8,7
31/08/2019,51, ,49,0,7,7
30/08/2019,38, ,58,0,7,6
29/08/2019,33, ,50,0,5,6
28/08/2019,34, ,48,0,4,5
27/08/2019,42, ,54,0,4,6
26/08/2019,40, ,53,0,4,6
25/08/2019,33, ,48,0,4,5
24/08/2019,40, ,44,0,4,6
23/08/2019,39, ,47,0,4,6
22/08/2019,41, ,46,0,5,6
21/08/2019,50, ,43,0,4,6
20/08/2019,46, ,35,0,7,7
19/08/2019,38, ,37,0,7,6
18/08/2019,55, ,39,0,7,6
17/08/2019,44, ,52,0,7,6
16/08/2019,79, ,63,0,4,5
15/08/2019,77, ,73,0,5,6
14/08/2019,35, ,67,0,5,6
13/08/2019,44, ,36,0,6,5
12/08/2019,38, ,42,0,4,5
11/08/2019,46, ,37,0,3,6
10/08/2019,43, ,34,0,4,6
09/08/2019,37, ,36,0,5,6
08/08/2019,40, ,39,0,4,6
07/08/2019,47, ,38,0,5,6
06/08/2019,36, ,41,0,4,7
05/08/2019,38, ,45,0,3,7
04/08/2019,52, ,34,0,4,7
03/08/2019,56, ,38,0,3,7
02/08/2019,43, ,31,0,4,7
01/08/2019,51, ,32,0,5,6
31/07/2019,45, ,36,0,5,8
30/07/2019,44, ,37,0,5,7
29/07/2019,28, ,39,0,4,6
28/07/2019,40, ,31,0,3,6
27/07/2019,47, ,34,0,6,7
26/07/2019,58, ,33,0,4,7
25/07/2019,42, ,27,0,6,7
24/07/2019,70, ,37,0,2,5
23/07/2019,44, ,27,0,6,7
22/07/2019,41, ,34,0,7,6
21/07/2019,36, ,31,0,4,6
20/07/2019,42, ,31,0,4,6
19/07/2019,38, ,35,0,4,7
18/07/2019,45, ,32,0,4,7
17/07/2019,44, ,35,0,5,7
16/07/2019,38, ,35,0,5,7
15/07/2019,36, ,36,0,2,5
14/07/2019,52, ,32,0,4,5
13/07/2019,61, ,31,0,6,7
12/07/2019,41, ,41,0,7,6
11/07/2019,43, ,40,0,5,5
10/07/2019,43, ,38,0,6,6
09/07/2019,38, ,31,0,4,6
08/07/2019,32, ,25,0,2,5
07/07/2019,46, ,25,0,3,5
06/07/2019,45, ,24,0,4,7
05/07/2019,53, ,26,0,6,5
04/07/2019,59, ,30,0,6,6
03/07/2019,51, ,44,0,7,6
02/07/2019,38, ,30,0,6,6
01/07/2019,32, ,30,0,3,5
30/06/2019,43, ,31,0,1,4
29/06/2019,47, ,27,0,5,5
28/06/2019,48, ,27,0,5,8
27/06/2019,47, ,33,0,5,6
26/06/2019,56, ,35,0,5,6
25/06/2019,43, ,47,0,5,6
24/06/2019,30, ,26,0,3,7
23/06/2019,32, ,27,0,1,5
22/06/2019,33, ,31,0,1,6
21/06/2019,36, ,31,0,1,6
20/06/2019,38, ,26,0,3,6
19/06/2019,41, ,31,0,3,7
18/06/2019,32, ,27,0,4,7
17/06/2019,39, ,24,0,2,6
16/06/2019,55, ,26,0,2,6
15/06/2019,65, ,36,0,4,7
14/06/2019,72, ,25,0,4,8
13/06/2019,50, ,25,0,4,7
12/06/2019,40, ,20,0,5,7
11/06/2019,38, ,23,0,2,5
10/06/2019,42, ,29,0,3,6
09/06/2019,52, ,34,0,5,6
08/06/2019,45, ,28,0,7,6
07/06/2019,45, ,38,0,5,6
06/06/2019,42, ,31,0,5,6
05/06/2019,44, ,24,0,5,7
04/06/2019,45, ,23,0,5,7
03/06/2019,38, ,23,0,4,7
02/06/2019,40, ,27,0,4,6
01/06/2019,37, ,44,0,2,5
31/05/2019,36, ,31,0,2,5
30/05/2019,36, ,31,0,2,4
29/05/2019,41, ,35,0,2,4
28/05/2019,43, ,31,0,5,4
27/05/2019,31, ,28,0,6,5
26/05/2019,44, ,35,0,7,4
25/05/2019,46, ,40,0,5,4
24/05/2019,56, ,32,0,8,5
23/05/2019,50, ,21,0,7,8
22/05/2019,55, ,31,0,7,7
21/05/2019,49, ,34,0,9,8
20/05/2019,27, ,25,0,10,9
19/05/2019,36, ,22,0,4,6
18/05/2019,52, ,38,0,5,5
17/05/2019,50, ,42,0,4,5
16/05/2019,53, ,35,0,9,6
15/05/2019,63, ,25,0,7,8
14/05/2019,61, ,32,0,7,8
13/05/2019,44, ,13,0,9,9
12/05/2019,48, ,37,0,6,6
11/05/2019,43, ,47,0,5,6
10/05/2019,42, ,34,0,5,6
09/05/2019,41, ,26,0,4,6
08/05/2019,55, ,29,0,5,5
07/05/2019,42, ,34,0,6,7
06/05/2019,31, ,26,0,7,8
05/05/2019,46, ,31,0,4,7
04/05/2019,50, ,32,0,5,7
03/05/2019,54, ,28,0,10,8
02/05/2019,51, ,31,0,7,9
01/05/2019,49, ,38,0,6,7
30/04/2019,55, ,23,0,4,8
29/04/2019,32, ,33,0,7,9
28/04/2019,53, ,29,0,4,7
27/04/2019,62, ,29,0,9,9
26/04/2019,48, ,34,0,9,10
25/04/2019,55, ,30,0,5,8
24/04/2019,57, ,23,0,6,11
23/04/2019,43, ,50,0,5,9
22/04/2019,27, ,24,0,6,10
21/04/2019,46, ,32,0,2,6
20/04/2019,33, ,36,0,5,8
19/04/2019,48, ,35,0,2,7
18/04/2019,58, ,45,0,5,9
17/04/2019,45, ,28,0,6,9
16/04/2019,48, ,32,0,5,8
15/04/2019,46, ,34,0,6,8
14/04/2019,52, ,46,0,6,7
13/04/2019,52, ,42,0,6,8
12/04/2019,50, ,54,0,5,8
11/04/2019,51, ,45,0,6,10
10/04/2019,59, ,57,0,6,8
09/04/2019,58, ,51,0,6,8
08/04/2019,53, ,59,0,4,9
07/04/2019,41, ,63,0,5,7
06/04/2019,46, ,45,0,3,8
05/04/2019,45, ,42,0,3,8
04/04/2019,45, ,20,0,3,8
03/04/2019,36, ,35,0,4,9
02/04/2019,48, ,38,0,3,7
01/04/2019,49, ,11,0,4,8
31/03/2019,66, ,53,0,6,8
30/03/2019,50, ,32,0,7,12
29/03/2019,53, ,29,0,4,8
28/03/2019,68, ,59,0,3,8
27/03/2019,54, ,74,0,6,9
26/03/2019,72, ,41,0,3,6
25/03/2019,61, ,63,0,7,8
24/03/2019,56, ,54,0,5,9
23/03/2019,44, ,59,0,6,9
22/03/2019,38, ,40,0,6,9
21/03/2019,50, ,60,0,3,6
20/03/2019,42, ,45,0,5,8
19/03/2019,52, ,35,0,3,7
18/03/2019,52, ,58,0,5,8
17/03/2019,49, ,38,0,6,6
16/03/2019,60, ,45,0,6,8
15/03/2019,43, ,46,0,6,9
14/03/2019,60, ,51,0,3,6
13/03/2019,53, ,47,0,6,8
12/03/2019,45, ,54,0,4,7
11/03/2019,50, ,40,0,5,7
10/03/2019,54, ,40,0,3,7
09/03/2019,57, ,39,0,3,7
08/03/2019,71, ,60,0,5,9
07/03/2019,63, ,41,0,8,10
06/03/2019,56, ,56,0,7,7
05/03/2019,40, ,67,0,7,6
04/03/2019,64, ,52,0,4,5
03/03/2019, , ,65,0,4,7
02/03/2019,56, , ,0, , 
01/03/2019,55, ,56,0,6,9
28/02/2019,49, ,54,0,6,8
27/02/2019,43, ,49,0,4,7
26/02/2019,38, ,35,0,7,7
25/02/2019,25, ,41,0,4,7
24/02/2019,63, ,24,0,2,5
23/02/2019,53, ,45,0,8,8
22/02/2019,48, ,41,0,7,7
21/02/2019,42, ,32,0,10,8
20/02/2019,42, ,39,0,6,8
19/02/2019,44, ,36,0,4,7
18/02/2019,55, ,37,0,3,7
17/02/2019,70, ,57,0,7,7
16/02/2019,66, ,57,0,9,8
15/02/2019,57, ,31,0,7,8
14/02/2019,44, ,37,0,7,7
13/02/2019,38, ,26,0,4,7
12/02/2019,43, ,31,0,3,6
11/02/2019,32, ,38,0,5,7
10/02/2019,45, ,42,0,3,6
09/02/2019,54, ,37,0,5,7
08/02/2019,51, ,47,0,5,8
07/02/2019,54, ,26,0,4,8
06/02/2019,33, ,30,0,7,8
05/02/2019,31, ,29,0,3,6
04/02/2019,38, ,33,0,3,6
03/02/2019,31, ,38,0,4,6
02/02/2019,32, ,43,0,3,5
01/02/2019,39, ,43,0,3,6
31/01/2019,38, ,41,0,4,7
30/01/2019,48, ,54,0,4,6
29/01/2019,44, ,32,0,6,7
28/01/2019,36, ,35,0,6,7
27/01/2019,50, ,42,0,6,6
26/01/2019,57, ,36,0,5,7
25/01/2019,29, ,36,0,7,7
24/01/2019,43, ,26,0,4,5
23/01/2019,51, ,29,0,5,7
22/01/2019,34, ,31,0,5,7
21/01/2019,28, ,27,0,2,6
20/01/2019,44, ,25,0,2,5
19/01/2019,46, ,27,0,5,7
18/01/2019,63, ,26,0,10,7
17/01/2019,63, ,28,0,13,9
16/01/2019,52, ,37,0,7,7
15/01/2019,45, ,42,0,6,7
14/01/2019,27, ,44,0,4,7
13/01/2019,44, ,15,0,1,5
12/01/2019,29, ,46,0,4,6
11/01/2019,30, ,38,0,2,5
10/01/2019,45, ,29,0,2,5
09/01/2019,44, ,31,0,5,6
08/01/2019,56, ,24,0,4,7
07/01/2019,56, ,36,0,5,7
06/01/2019,47, ,42,0,5,6
05/01/2019,55, ,37,0,6,6
04/01/2019,52, ,27,0,6,8
03/01/2019,47, ,25,0,3,7
02/01/2019,43, ,27,0,3,7
01/01/2019, , ,40,0,2,4
31/12/2018,42, , ,0, , 
30/12/2018,51, ,40,0,1,6
29/12/2018,40, ,42,0,2,7
28/12/2018,36, ,34,0,2,6
27/12/2018,42, ,30,0,1,5
26/12/2018,44, ,24,0,2,6
25/12/2018,55, ,25,0,2,7
24/12/2018,56, ,22,0,1,6
23/12/2018, , ,6,0,1,7
22/12/2018,55, , ,0, , 
21/12/2018,47, ,29,0,5,7
20/12/2018,51, ,26,0,3,6
19/12/2018,52, ,31,0,2,6
18/12/2018,59, ,35,0,3,6
17/12/2018,45, ,26,0,5,8
16/12/2018,50, ,29,0,2,6
15/12/2018,53, ,28,0,4,6
14/12/2018,51, ,4,0,2,7
13/12/2018,51, ,24,0,1,7
12/12/2018,58, ,18,0,2,6
11/12/2018,55, ,20,0,5,7
10/12/2018,52, ,30,0,4,6
09/12/2018,59, ,30,0,3,6
08/12/2018,65, ,31,0,2,6
07/12/2018,60, ,37,0,7,8
06/12/2018,57, ,43,0,4,9
05/12/2018,63, ,34,0,3,6
04/12/2018,56, ,28,0,3,7
03/12/2018,46, ,27,0,3,7
02/12/2018,47, ,47,0,2,6
01/12/2018,42, ,31,0,4,6
30/11/2018,49, ,25,0,1,6
29/11/2018,55, ,21,0,4,7
28/11/2018,40, ,46,0,4,6
27/11/2018,51, ,25,0,3,7
26/11/2018,50, ,28,0,4,7
25/11/2018,51, ,34,0,2,6
24/11/2018,37, ,44,0,3,6
23/11/2018,55, ,37,0,4,5
22/11/2018,70, ,45,0,4,7
21/11/2018,64, ,38,0,9,8
20/11/2018,67, ,30,0,13,7
19/11/2018,54, ,27,0,16,7
18/11/2018,70, ,38,0,4,7
17/11/2018,52, ,27,0,12,8
16/11/2018,56, ,22,0,11,8
15/11/2018,61, ,31,0,17,5
14/11/2018,58, ,33,0,13,5
13/11/2018,56, ,26,0,18,5
12/11/2018,57, ,20,0,14,7
11/11/2018,44, ,25,0,17,6
10/11/2018,44, ,22,0,16,6
09/11/2018,50, ,20,0,26,4
08/11/2018,60, ,29,0,19,3
07/11/2018,72, ,33,0,20,4
06/11/2018, , ,49,0,34,5
31/10/2018,62, , ,0, , 
30/10/2018,70, ,15,0,17,8
29/10/2018,59, ,33,0,21,8
28/10/2018,68, ,39,0,11,7
27/10/2018,76, ,30,0,16,8
26/10/2018,81, ,27,0,23,9
25/10/2018,64, ,36,0,21,8
24/10/2018,73, ,50,0,18,6
23/10/2018,71, ,44,0,17,7
22/10/2018,69, ,42,0,23,7
21/10/2018,54, ,55,0,22,6
20/10/2018,89, ,15,0,6,6
19/10/2018,80, ,38,0,27,8
18/10/2018,91, ,36,0,14,8
17/10/2018,80, ,34,0,16,7
16/10/2018,63, ,40,0,22,6
15/10/2018,62, ,48,0,18,6
14/10/2018,71, ,41,0,18,6
13/10/2018,61, ,38,0,19,7
12/10/2018,61, ,40,0,16,6
11/10/2018,62, ,28,0,19,6
10/10/2018,66, ,23,0,18,7
09/10/2018, , ,2,0,9,9
08/10/2018,62, , ,0, , 
07/10/2018,72, ,28,0,17,9
06/10/2018,90, ,46,0,9,9
05/10/2018,71, ,46,0,17,6
04/10/2018,81, ,32,0,15,7
03/10/2018,77, ,55,0,17,7
02/10/2018,77, ,51,0,23,6
01/10/2018,58, ,65,0,16,6
30/09/2018,57, ,56,0,5,5
29/09/2018,56, ,61,0,5,6
28/09/2018,58, ,61,0,6,7
27/09/2018,61, ,51,0,8,7
26/09/2018,40, ,56,0,7,7
25/09/2018, , ,52,0,4,6
24/09/2018,72, , ,0, , 
23/09/2018,44, ,1,0,14,9
22/09/2018,47, ,53,0,5,6
21/09/2018,48, ,32,0,7,7
20/09/2018,48, ,49,0,6,7
19/09/2018,55, ,47,0,7,7
18/09/2018,49, ,49,0,6,7
17/09/2018,37, ,43,0,7,7
16/09/2018,56, ,45,0,1,7
15/09/2018,57, ,56,0,2,7
14/09/2018,59, ,38,0,2,8
13/09/2018,70, ,66,0,6,7
12/09/2018,73, ,66,0,4,7
11/09/2018,53, ,53,0,5,7
10/09/2018,46, ,46,0,3,7
09/09/2018,61, ,41,0,4,6
08/09/2018,66, ,35,0,5,7
07/09/2018,72, ,42,0,3,6
06/09/2018,61, ,48,0,5,8
05/09/2018,25, ,65,0,3,7
04/09/2018,48, ,43,0,2,6
03/09/2018,47, ,46,0,3,6
02/09/2018,60, ,46,0,4,6
01/09/2018,65, ,43,0,8,8
31/08/2018,55, ,52,0,4,7
30/08/2018,41, ,45,0,3,6
29/08/2018,39, ,35,0,5,7
28/08/2018,41, ,43,0,2,6
27/08/2018,34, ,40,0,2,6
26/08/2018,58, ,48,0,2,5
25/08/2018, , ,21,0,4,7
08/11/2016,39, , ,0, , 
07/11/2016,51, , ,0,5,6
06/11/2016,53, , ,0,3,5
05/11/2016,63, , ,0,3,4
04/11/2016,61, , ,0,5,6
03/11/2016,70, , ,0,6,4
02/11/2016,69, , ,0,3,5
01/11/2016,74, , ,0,6,5
31/10/2016,64, , ,0,6,6
30/10/2016,64, , ,0,4,5
29/10/2016,85, , ,0,4,5
28/10/2016,60, , ,0,10,6
27/10/2016,52, , ,0,9,4
26/10/2016,55, , ,0,6,4
25/10/2016,66, , ,0,6,4
24/10/2016, , , ,0,3,6
22/10/2016,71, , ,0, , 
21/10/2016,60, , ,0,10,5
20/10/2016,63, , ,0,5,5
19/10/2016,57, , ,0,4,5
18/10/2016,59, , ,0,7,6
17/10/2016,63, , ,0,9,6
16/10/2016,60, , ,0,8,7
15/10/2016,58, , ,0,9,6
14/10/2016,49, , ,0,4,6
13/10/2016,59, , ,0,4,5
12/10/2016,48, , ,0,5,4
11/10/2016,45, , ,0,2,3
10/10/2016,56, , ,0,2,2
09/10/2016,47, , ,0,1,3
08/10/2016, , , ,0,2,3
13/09/2016,61, , ,0, , 
12/09/2016,47, ,35,21,6,10
11/09/2016,53, ,60,15,3,8
10/09/2016,52, ,61,18,6,8
09/09/2016,56, ,45,17,4,8
08/09/2016,56, ,59,21,7,7
07/09/2016,61, ,45,25,7,8
06/09/2016,74, ,31,27,10,9
05/09/2016,64, ,32,34,22,8
04/09/2016,77, ,47,28,14,7
03/09/2016,57, ,58,23,12,7
02/09/2016,61, ,50,18,8,7
01/09/2016,71, ,42,23,8,6
31/08/2016,58, ,38,20,6,5
30/08/2016,63,23,51,16,8,2
29/08/2016,72,39,28,18,8,6
28/08/2016,90,41,58,15,4,5
27/08/2016,63,40,13,23,8,8
26/08/2016,60,37,45,19,4,6
25/08/2016,59,37,52,31,7,4
24/08/2016,38,37,88,26,9,5
23/08/2016,32,44,75,16,3,4
22/08/2016, ,64,60,12,3,4
20/08/2016,70, , , , , 
19/08/2016,55,42,45,19,9,5
18/08/2016,55,45,45,16,4,5
17/08/2016,73,43,39,18,11,4
16/08/2016,62,57,48,26,29,5
15/08/2016,50,39,54,23,11,6
14/08/2016,50,33,44,17,8,6
13/08/2016,53,41,56,20,8,6
12/08/2016,55,39,40,24,16,6
11/08/2016,57,32,35,18,5,5
10/08/2016,50,41,41,17,4,5
09/08/2016,53,45,37,19,8,6
08/08/2016,56,36,35,21,8,6
07/08/2016,56,41,39,16,5,6
06/08/2016,61,45,57,19,8,6
05/08/2016, ,44,48,18,7,6
31/07/2016,59, , , , , 
30/07/2016,59,38,40,15,4,7
29/07/2016,69,27,39,19,7,8
28/07/2016,61,35,43,20,5,9
27/07/2016,49,26,31,23,8,9
26/07/2016,61,22,37,19,7,9
25/07/2016,47,25,38,20,9,9
24/07/2016,67,22,43,11,3,6
23/07/2016,54,38,47,18,9,7
22/07/2016,50,33,37,20,11,7
21/07/2016,64,27,34,18,8,6
20/07/2016,56,29,29,22,11,6
19/07/2016,50,23,38,17,11,5
18/07/2016,59,19,37,16,7,6
17/07/2016,57,37,41,19,10,7
16/07/2016,58,45,49,16,7,5
15/07/2016,67,46,47,16,6,6
14/07/2016,71,39,35,16,6,5
13/07/2016,63,52,38,16,9,5
12/07/2016,50,37,39,20,11,4
11/07/2016,52,39,43,14,5,5
10/07/2016,49,29,42,14,5,4
09/07/2016,44,40,40,18,5,6
08/07/2016,46,39,40,17,5,6
07/07/2016,59,31,32,14,6,5
06/07/2016,65, ,32,14,7,7
05/07/2016,50, ,37,14,10,8
04/07/2016,52,22,45,10,4,6
03/07/2016,73,34,38,12,4,7
02/07/2016,54,38,42,16,7,7
01/07/2016,42,30,32,16,3,7
30/06/2016,47,32,32,13,4,7
29/06/2016,46,38,35,13,4,7
28/06/2016,55,50,36,17,5,8
27/06/2016,48,16,31,16,6,8
26/06/2016,65,18,31,13,7,7
25/06/2016,53,22,38,14,9,7
24/06/2016,62,28,29,18,4,8
23/06/2016,57,39,37,18,10,7
22/06/2016,60,35,32,19,8,7
21/06/2016,51,35,39,20,6,8
20/06/2016,59,40,32,14,6,6
19/06/2016,58,24,31,15,12,7
18/06/2016,53,31,35,15,6,7
17/06/2016,45,35,33,18,8,6
16/06/2016,57,25,30,14,5,5
15/06/2016,54,28,31,16,8,6
14/06/2016,54,18,23,18,15,6
13/06/2016,52,33,22,14,11,6
12/06/2016,54,22,33,12,7,7
11/06/2016,64,25,31,16,8,8
10/06/2016,57,26,35,18,9,8
09/06/2016,52,22,38,15,5,7
08/06/2016,60,23,31,20,7,9
07/06/2016,55,32,44,17,8,8
06/06/2016,48,31,35,19,4,7
05/06/2016,60,26,41,11,6,7
04/06/2016,59,35,37,17,8,8
03/06/2016,55,28,24,20,3,8
02/06/2016,62,26,29,13,3,6
01/06/2016,65,24,35,18,7,6
31/05/2016,58,34,45,21,6,10
30/05/2016,46,35,25,24,9,10
29/05/2016,56,18,31,13,3,6
28/05/2016,48,26,50,14,7,7
27/05/2016,59,70,43,13,3,6
26/05/2016,66,24,50,15,7,8
25/05/2016,58,33,36,18,8,8
24/05/2016,54,31,27,14,3,6
23/05/2016,51,31,28,15,5,6
22/05/2016,56,24,30,12,5,6
21/05/2016,69,23,27,15,4,6
20/05/2016,57,29,28,15,5,6
19/05/2016,54,29,33,14,5,5
18/05/2016,59,27,34,14,3,5
17/05/2016,51,28,45,17,9,5
16/05/2016,51,22,26,14,7,3
15/05/2016,51,18,27,10,3,1
14/05/2016,55,24,26,15,6,5
13/05/2016,58,25,27,15,6,8
12/05/2016,66,29,24,16,12,7
11/05/2016,61,35,54,21,6,7
10/05/2016,52,26,36,22,4,6
09/05/2016,51,32,31,16,8,6
08/05/2016,59,27,45,9,2,4
07/05/2016,64,27,38,13,2,5
06/05/2016,67,28,29,18,10,7
05/05/2016,67,25,38,15,7,5
04/05/2016,55,22,29,19,13,6
03/05/2016,60,26,34,19,7,6
02/05/2016,46,25,29,20,10,7
01/05/2016,51,20,36,16,8,6
30/04/2016,53,26,13,11,2,5
29/04/2016,55,38,35,18,11,7
28/04/2016,61,21,36,17,7,7
27/04/2016,60,30,37,19,8,7
26/04/2016,57,30,37,22,17,7
25/04/2016,54,34,43,15,6,7
24/04/2016,60,21,42,6,1,6
23/04/2016,62,23,37,14,6,7
22/04/2016,59,27,28,18,11,7
21/04/2016,65,24,31,18,14,7
20/04/2016,64,23,33,16,9,7
19/04/2016,61,32,35,16,13,7
18/04/2016,48,24,27,14,8,7
17/04/2016,69,26,31,10,2,6
16/04/2016,62,30,62,17,5,8
15/04/2016,54,25,56,19,6,8
14/04/2016,50,33,45,17,9,6
13/04/2016,49,22,42,21,8,7
12/04/2016,49,24,25,22,16,6
11/04/2016,62,28,26,7,16,15
10/04/2016,60,26,3,18,16,8
09/04/2016,59,31,30,20,18,9
08/04/2016,58,26,28,19,17,8
07/04/2016,65,29,36,22,21,8
06/04/2016,51,15,27,22,21,9
05/04/2016,74,15,39,17,8,8
04/04/2016,48,41,37,26,19,9
03/04/2016,49,20,44,19,7,8
02/04/2016,47,24,30,27,16,9
01/04/2016,70,30,29,19,16,7
31/03/2016,64,39,48,25,20,8
30/03/2016,73,13,9,34,29,7
29/03/2016,62,38,37,27,16,8
28/03/2016,72,37,42,19,8,9
27/03/2016,76,32,40,18,13,8
26/03/2016,65,19,2,16,12,8
25/03/2016,80,29,38,21,14,8
24/03/2016,90,32,35,25,22,9
23/03/2016,66,33,31,27,26,8
22/03/2016,68,27,27,17,10,8
21/03/2016,57,21,21,19,15,6
20/03/2016,66,19,24,21,24,4
19/03/2016,65,24,25,13,9,4
18/03/2016,66,26,28,18,16,5
17/03/2016,80,23,21,16,19,4
16/03/2016,66,26,37,23,27,6
15/03/2016,62, ,41,21,14,5
14/03/2016,49, ,43,25,13,7
13/03/2016,49, ,34,19,15,4
12/03/2016,51, ,43,19,14,5
11/03/2016,79, ,45,24,22,6
10/03/2016,65, ,51,26,18,8
09/03/2016,59, ,35,25,15,8
08/03/2016,53, ,41,19,14,7
07/03/2016,46, ,21,23,11,8
06/03/2016,48, ,32,18,11,6
05/03/2016,43, ,23,21,17,7
04/03/2016,55, ,23,16,13,7
03/03/2016,44, ,19,21,19,8
02/03/2016,53, ,31,15,9,4
01/03/2016,42, ,29,21,18,1
29/02/2016,49, ,32,17,16,1
28/02/2016,55, ,42,15,13,2
27/02/2016,46, ,41,18,16,3
26/02/2016,63, ,26,17,13,4
25/02/2016,80, ,32,22,17,6
24/02/2016,65, ,17,32,34,6
23/02/2016,53, ,27,31,17,7
22/02/2016,57, ,41,27,23,5
21/02/2016,56, ,40,23,15, 
20/02/2016,53, ,47,19,11, 
19/02/2016,53, ,37,18,6, 
18/02/2016,59, ,36,25,10, 
17/02/2016,57, ,36,24,11, 
16/02/2016,61, ,31,26,30, 
15/02/2016,44, ,24,23,22,6
14/02/2016,52, ,34,14,6,5
13/02/2016,57, ,38,20,11,6
12/02/2016,56, ,32,28,17,7
11/02/2016,51, ,26,21,18,6
10/02/2016,47, ,24,21,21,5
09/02/2016,58, ,23,21,20,4
08/02/2016,53, ,31,23,24,5
07/02/2016,69, ,49,23,16,7
06/02/2016,59, ,46,31,23,7
05/02/2016,74, ,41,23,14,6
04/02/2016,66, ,46,27,13,6
03/02/2016,76, ,36,25,10,6
02/02/2016,72, ,63,26,16,9
01/02/2016,61, ,49,29,22,6
31/01/2016,69, ,38,29,18, 
30/01/2016,78, ,39,22,14, 
29/01/2016,60, ,34,28,26, 
28/01/2016,68, ,48,19,11, 
27/01/2016,62, ,71,20,13, 
26/01/2016,45, ,57,19,14, 
25/01/2016,55, ,19,20,16,4
24/01/2016,55, ,38,16,12,5
23/01/2016,73, ,46,16,8,5
22/01/2016,68, ,57,18,12,5
21/01/2016,56, ,34,20,13,3
20/01/2016,55, ,21,22,20,3
19/01/2016,50, ,27,17,13,4
18/01/2016,60, ,38,14,15,5
17/01/2016,63, ,39,14,14,5
16/01/2016,55, ,36,22,21,6
15/01/2016,36, ,54,15,9,6
14/01/2016,29, ,34,13,13,4
13/01/2016,36, ,18,12,9,5
12/01/2016,41, ,28,14,16,4
11/01/2016,32, ,28,15,14,5
10/01/2016,48, ,28,16,16,4
09/01/2016,55, ,47,18,14,6
08/01/2016,49, ,33,21,10,9
07/01/2016, , ,10,14,13, 
24/11/2015,74, , , , , 
23/11/2015,66,43,29,17,8, 
22/11/2015,68,38,43,18,15, 
21/11/2015,52,37,40,21,15, 
20/11/2015,59,38,41,17,10, 
19/11/2015,66,35,43,19,17, 
18/11/2015,66,30,30,28,20, 
17/11/2015,60,33,33,20,11, 
16/11/2015,48,26,39,23,11,5
15/11/2015,62,20,40,16,9, 
14/11/2015,68,34,43,22,23, 
13/11/2015,71,35,41,27,18, 
12/11/2015,57,34,37,27,22, 
11/11/2015,61,36,40,23,13, 
10/11/2015, ,40,41,21,13, 
05/11/2015,74, , , , , 
04/11/2015,75,50,36,25,11, 
03/11/2015,80,47,50,17,9, 
02/11/2015,58,135,39,17,9, 
01/11/2015,63,35,36,16,6, 
31/10/2015,65,40,35,26,10, 
30/10/2015,62,34,38,31,11, 
29/10/2015,68,32,40,29,11, 
28/10/2015,69,28,39,29,11, 
27/10/2015,67,27,41,26,5, 
26/10/2015,52,29,53,26,5, 
25/10/2015,61,22,46,17,4, 
24/10/2015,79,29,52,20,7, 
23/10/2015,66,43,49,24,6, 
22/10/2015,74,37,44,21,6, 
21/10/2015,69,35,44,25,5, 
20/10/2015,45,27,26,25,4, 
19/10/2015,58,28,38,22,4, 
18/10/2015,52,31,34,25,8, 
17/10/2015,63,32,39,20,2, 
16/10/2015,55,24,25,32,5, 
15/10/2015,55,35,31,28,4, 
14/10/2015,53,28,36,29,2, 
13/10/2015,66,38,29,19,6, 
12/10/2015,66,38,32,21,9, 
11/10/2015,63,31,32,22,7, 
10/10/2015,67,40,36,19,9, 
09/10/2015,56,48,39,26,12, 
08/10/2015,60,51,54,26,6, 
07/10/2015,55,51,44,28,9, 
06/10/2015,50,47,47,24,7, 
05/10/2015,58,36,56,26,14,7
04/10/2015,68,39,42,26,18, 
03/10/2015,99,57,36,29,16, 
02/10/2015,100,50,44,30,7, 
01/10/2015,84,54,37,30,11, 
30/09/2015,88,48,40,26,6, 
29/09/2015,71,49,65,26,11, 
28/09/2015,49,44,53,17,6,6
27/09/2015,71,54,42,23,12, 
26/09/2015,59,47,42,19,4, 
25/09/2015,60,47,46,22,12, 
24/09/2015,60,41,43,19,8, 
23/09/2015,66,37,35,17,5, 
22/09/2015,66,35,54,26,6, 
21/09/2015,59,42,55,20,2,7
20/09/2015,87,26,60,28,15, 
19/09/2015,78,49,14,25,9, 
18/09/2015,85,48,52,32,17, 
17/09/2015,83,49,62,25,6, 
16/09/2015,60,53,59,19,3, 
15/09/2015,66,82,91,18,3, 
14/09/2015,42,86,127,12,1,6
13/09/2015,56,67,108,23,3, 
12/09/2015,67,57,93,28,6, 
11/09/2015,60,52,81,24,10, 
10/09/2015,61,47,83,23,11, 
09/09/2015,65,56,48,22,8, 
08/09/2015,79,54,56,19,6, 
07/09/2015,66,25,41,15,2,19
06/09/2015,65,50,16,22,7, 
05/09/2015,70,56,44,24,4, 
04/09/2015,62,53,55,22,7, 
03/09/2015,47,51,50,18,3, 
02/09/2015,46,39,43,16,5, 
01/09/2015,50,53,41,17,3, 
31/08/2015,44,56,41,15,4,4
30/08/2015,42,71,45,19,4, 
29/08/2015,65,52,39,24,15, 
28/08/2015,59,47,36,21,12, 
27/08/2015,59,49,45,19,10, 
26/08/2015,67,43,45,22,12, 
25/08/2015,70,46,33,20,11, 
24/08/2015,72,52,36,16,4,6
23/08/2015,69,57,45,20,4, 
22/08/2015,47,43,50,17,3, 
21/08/2015,50,41,44,19,4, 
20/08/2015,55,44,40,21,3, 
19/08/2015,50,44,46,21,2, 
18/08/2015,51,38,55,13,1, 
17/08/2015,59,39,43,16,7,4
16/08/2015,66,48,35,15,10, 
15/08/2015,64,47,35,21,19, 
14/08/2015,55,39,23,16,5, 
13/08/2015,55,30,44,19,5, 
12/08/2015,65,37,36,19,8, 
11/08/2015,48,32,40,14,7, 
10/08/2015,55,29,42,14,10,5
09/08/2015,62,44,34,20,12, 
08/08/2015,53,42,34,18,5, 
07/08/2015,41,41,37,14,2, 
06/08/2015,37,36,50,10,1, 
05/08/2015,44,43,39,15,2, 
04/08/2015,35,45,34,11,1, 
03/08/2015,42,42,39,12,4,4
02/08/2015,59,35,33,16,5, 
01/08/2015,55,31,35,17,5, 
31/07/2015,56,30,37,17,5, 
30/07/2015,46,29,29,15,6, 
29/07/2015,44,39,30,14,8, 
28/07/2015,43,25,25,12,3, 
27/07/2015,41,26,23,13,3, 
26/07/2015,36,24,37,13,3, 
25/07/2015,42,23,29,14,2, 
24/07/2015,57,27,31,16,16, 
23/07/2015,51,27,23,14,5, 
22/07/2015,58,33,19,17,11, 
21/07/2015,58,32,27,17,9, 
20/07/2015,57,33,32,16,5,5
19/07/2015,63,29,44,22,13, 
18/07/2015,47,44,27,20,4, 
17/07/2015,62,34,40,17,15, 
16/07/2015,63,39,29,23,23, 
15/07/2015,59,37,19,22,10, 
14/07/2015,45,31,28,18,13, 
13/07/2015,49,23,31,17,13,4
12/07/2015,50,24,21,16,9, 
11/07/2015,65,25,24,19,10, 
10/07/2015,60,27,20,18,12, 
09/07/2015,48,30,26,16,12, 
08/07/2015,55,24,28,15,9, 
07/07/2015,53,29,32,15,4, 
06/07/2015,59,28,39,18,12, 
05/07/2015,60,28,31,18,12, 
04/07/2015,53,37,30,19,8, 
03/07/2015,59,37,36,17,7, 
02/07/2015, ,32,25,16,5, 
01/07/2015,53,42, ,14,5, 
30/06/2015,38, ,34,19,6, 
29/06/2015,29, ,28,13,3,4
28/06/2015,36, ,33,13,5,4
27/06/2015,39, ,38,11,3,3
26/06/2015,37, ,29,19,13,4
25/06/2015,44, ,29,15,3,4
24/06/2015,46, ,22,14,8,4
23/06/2015,52, ,25,10,4,4
22/06/2015,49, ,25,12,4,5
21/06/2015,45, ,31,11,4,4
20/06/2015,37, ,29,12,5,4
19/06/2015,41, ,31,13,3,4
18/06/2015,47, ,25,15,6,5
17/06/2015,54, ,26,14,6,6
16/06/2015,51, ,27,17,7,7
15/06/2015,50, ,29,13,5,5
14/06/2015,45, ,35,12,5,5
13/06/2015,44, ,21,12,7,4
12/06/2015,56, ,24,15,10,6
11/06/2015,57, ,28,14,12,5
10/06/2015,56, ,26,14,9,4
09/06/2015,46, ,26,15,14,4
08/06/2015,43, ,22,13,9,4
07/06/2015,59, ,31,7,2,4
06/06/2015,54, ,33,13,5,6
05/06/2015,51, ,31,18,8,7
04/06/2015,48, ,30,17,7,6
03/06/2015,43, ,27,15,9,5
02/06/2015,41, ,29,15,6,6
01/06/2015,50, ,21,14,10,8
31/05/2015,52, ,23,12,10, 
30/05/2015,61, ,27,18,15, 
29/05/2015,56, ,25,17,17, 
28/05/2015,51, ,14,18,12, 
27/05/2015,58, ,26,15,9, 
26/05/2015,65, ,30,18,15, 
25/05/2015,46, ,16,21,15,5
24/05/2015,54, ,44,13,6,6
23/05/2015,65, ,27,16,11,8
22/05/2015,51, ,29,19,11,7
21/05/2015,67, ,21,16,11,5
20/05/2015,78, ,24,19,9,7
19/05/2015,53, ,26,17,11, 
18/05/2015,63, ,20,14,10,6
17/05/2015,66, ,43,16,6,5
16/05/2015,59, ,24,22,21,5
15/05/2015,52, ,32,18,7,4
14/05/2015,42, ,16,16,10,5
13/05/2015,58, ,17,16,9,4
12/05/2015,45, ,21,20,16, 
11/05/2015,45, ,28,15,7,9
10/05/2015,45, ,19,11,5,7
09/05/2015,48, ,23,14,5,7
08/05/2015,42, ,29,16,6,8
07/05/2015,54, ,27,16,8,6
06/05/2015,54, ,25,23,12,7
05/05/2015,61, ,27,28,12, 
04/05/2015, , ,26,28,16,6
01/05/2015,75, , , , , 
30/04/2015,59, ,15,28,28, 
29/04/2015,56, ,29,20,15, 
28/04/2015,42, ,26,17,14, 
27/04/2015,58, ,24,15,12,5
26/04/2015,57, ,24,19,25,6
25/04/2015,50, ,23,20,22,5
24/04/2015,62, ,22,16,10,5
23/04/2015,56, ,24,19,20,5
22/04/2015,48, ,29,18,15,4
21/04/2015,64, ,23,22,19, 
20/04/2015,62, ,29,29,19,9
19/04/2015,67, ,29,28,19,7
18/04/2015,64, ,42,27,10,7
17/04/2015,52, ,28,29,12,8
16/04/2015,62, ,26,26,11,7
15/04/2015,58, ,33,24,14,6
14/04/2015,45, ,25,20,15, 
13/04/2015,43, ,33,17,15,6
12/04/2015,54, ,31,16,14,4
11/04/2015,54, ,36,20,13,6
10/04/2015,50, ,33,23,15,7
09/04/2015,51, ,30,20,9,5
08/04/2015,50, ,36,22,16,5
07/04/2015,56, ,32,19,9, 
06/04/2015,45, ,23,20,11,7
05/04/2015,49, ,35,17,3,5
04/04/2015,51, ,45,14,6,4
03/04/2015,47, ,40,18,10,4
02/04/2015,57, ,34,23,21,4
01/04/2015, , ,35,24,16,5
31/03/2015, , , , ,21, 
30/03/2015, , , , ,22,4
29/03/2015, , , , ,12,5
28/03/2015, , , , ,13,5
27/03/2015, , , , ,11,4
26/03/2015, , , , ,24,4
25/03/2015, , , , ,14,4
24/03/2015, , , , ,16, 
23/03/2015,54, , , ,12,5
22/03/2015,50, ,1,17,20,4
21/03/2015,42, ,36,14,11,3
20/03/2015,57, ,23,21,6,4
19/03/2015,38, ,23,23,15,5
18/03/2015,46, ,19,18,9,5
17/03/2015,50, ,18,22,16, 
16/03/2015,44, ,27,19,14,4
15/03/2015,41, ,27,15,14,3
14/03/2015,47, ,28,16,12,4
13/03/2015,66, ,23,17,16,4
12/03/2015,59, ,27,22,39,4
11/03/2015,55, ,23,20,32,5
10/03/2015,55, ,26,19,30, 
09/03/2015,61, ,25,17,17,5
08/03/2015,45, ,30,17,18,5
07/03/2015,63, ,30,14,8,4
06/03/2015,52, ,27,25,21,5
05/03/2015,49, ,44,19,10,4
04/03/2015,57, ,32,21,19,5
03/03/2015,51, ,42,20,14, 
02/03/2015,54, ,24,22,7,4
01/03/2015,74, ,37,22,26,3
28/02/2015,63, ,30,30,32, 
27/02/2015,64, ,36,28,14, 
26/02/2015,63, ,53,21,12, 
25/02/2015,67, ,53,22,17, 
24/02/2015,59, ,48,22,17, 
23/02/2015,53, ,47,26,10,5
22/02/2015,50, ,56,18,15,3
21/02/2015,49, ,42,18,13,3
20/02/2015,36, ,31,20,16,3
19/02/2015,48, ,14,15,20,3
18/02/2015,52, ,36,16,19,2
17/02/2015,54, ,46,14,14, 
16/02/2015,52, ,45,13,10,4
15/02/2015,55, ,45,12,6,4
14/02/2015,62, ,23,17,12,5
13/02/2015,56, ,29,17,14,4
12/02/2015,26, ,31,17,15,3
11/02/2015,38, ,10,6,2, 
10/02/2015,27, ,31,12,14, 
09/02/2015,38, ,15,10,11,2
08/02/2015,52, ,34,13,6,3
07/02/2015,64, ,22,24,14,5
06/02/2015,53, ,30,20,14,5
05/02/2015,59, ,27,15,14,3
04/02/2015,54, ,21,15,11,4
03/02/2015,52, ,23,15,15,4
02/02/2015,62, ,26,15,17,6
01/02/2015,40, ,26,12,8,6
31/01/2015,62, ,29,10,7, 
30/01/2015,60, ,23,20,18, 
29/01/2015,56, ,27,19,17, 
28/01/2015,60, ,27,14,10, 
27/01/2015,55, ,26,14,15, 
26/01/2015,47, ,24,16,13,5
25/01/2015,53, ,41,11,9,4
24/01/2015,52, ,29,17,12,6
23/01/2015,40, ,21,18,8,5
22/01/2015,47, ,23,17,19,4
21/01/2015,49, ,24,16,15,4
20/01/2015,39, ,18,19,12,5
19/01/2015,45, ,31,27,9,4
18/01/2015,49, ,28,66,11,4
17/01/2015,64, ,23,25,14,6
16/01/2015,52, ,29,25,17,7
15/01/2015,59, ,32,19,15,5
14/01/2015,56, ,34,20,18,5
13/01/2015,49, ,29,18,23,4
12/01/2015,44, ,25,19,20,5
11/01/2015,46, ,30,18,11,6
10/01/2015,53, ,27,19,17,5
09/01/2015,68, ,25,17,15,9
08/01/2015,50, ,26,24,32,4
07/01/2015,42, ,31,17,11,5
06/01/2015,56, ,36,17,6,6
05/01/2015,47, ,27,23,19,5
04/01/2015,53, ,30,16,21,4
03/01/2015,40, ,30,12,4,5
02/01/2015,91, ,29,13,10,4
01/01/2015, , ,34,18,20,6
01/12/2014,56, , , , , 
30/11/2014,70, ,28,19,21,5
29/11/2014,60, ,27,23,24,5
28/11/2014,60, ,35,22,13,5
27/11/2014,50, ,30,23,15,4
26/11/2014,64, ,32,19,12,4
25/11/2014,62, ,30,24,18,5
24/11/2014,52, ,26,23,14,6
23/11/2014,57, ,31,21,15,5
22/11/2014,63, ,25,23,20,4
21/11/2014,61, ,20,29,21,5
20/11/2014,53, ,31,26,19,4
19/11/2014,56, ,25,23,16,4
18/11/2014,56, ,34,21,20,4
17/11/2014,58, ,28,22,12,4
16/11/2014,49, ,33,21,14,4
15/11/2014,51, ,35,25,17,4
14/11/2014,54, ,30,19,12,5
13/11/2014,46, ,28,16,13,4
12/11/2014,51, ,15, ,15,3
11/11/2014,51, ,31, ,9,5
10/11/2014,53, ,24, ,11,4
09/11/2014,63, ,48, ,8,4
08/11/2014,68, ,33, ,16,4
07/11/2014,65, ,43, ,11,3
06/11/2014,57, ,39, ,22,4
05/11/2014,55, ,36, ,15,4
04/11/2014,60, ,30, ,12,4
03/11/2014,70, ,36,21,16,3
02/11/2014,66, ,34,26,14,5
01/11/2014, , ,49,26,9,6
