date,pm25,pm10,o3,no2,so2,co
12/07/2025,33,0,39,0,1,11
11/07/2025,24,0,42,0,1,5
10/07/2025,29,0,38,0,0,4
09/07/2025,23,36,12,11,6,1
08/07/2025,21,3,2,2,3,11
07/07/2025,56,2,4,0,2,9
06/07/2025,21,3,4,14,2,8
05/07/2025,12,21,3,0,1,8
04/07/2025,23,1,0,11,1,6
03/07/2025,32,3,4,23,2,5
02/07/2025,45,3,0,0,0,0
01/07/2025,34,0,0,0,0,0
30/06/2025,28,0,34,15,1,6
29/06/2025,0,0,31,9,1,6
21/06/2025,25,0,0,0,0,0
20/06/2025,20,0,32,0,3,11
19/06/2025,20,0,30,0,2,9
18/06/2025,34,0,42,0,2,8
17/06/2025,20,0,28,0,1,8
16/06/2025,27,0,36,0,1,6
15/06/2025,25,0,34,0,2,5
14/06/2025,21,0,31,0,1,5
13/06/2025,20,0,33,0,1,5
12/06/2025,32,0,33,0,1,4
11/06/2025,32,0,44,0,2,4
10/06/2025,36,0,34,0,1,4
09/06/2025,32,0,26,0,1,2
08/06/2025,30,0,29,0,1,2
07/06/2025,40,0,29,0,2,4
06/06/2025,26,0,20,0,2,5
05/06/2025,29,0,36,0,0,3
04/06/2025,28,0,30,0,0,3
03/06/2025,30,0,32,0,1,10
02/06/2025,22,0,26,0,1,10
01/06/2025,23,0,31,0,1,8
31/05/2025,32,0,34,0,0,5
30/05/2025,34,0,33,0,2,7
29/05/2025,39,0,27,0,2,7
28/05/2025,26,0,24,0,2,6
27/05/2025,17,0,39,0,0,6
26/05/2025,24,0,31,0,0,7
25/05/2025,31,0,30,0,1,7
24/05/2025,32,0,28,0,1,7
23/05/2025,36,0,27,0,1,7
22/05/2025,34,0,24,0,1,6
21/05/2025,38,0,33,0,2,6
20/05/2025,34,0,37,0,3,3
19/05/2025,27,0,23,0,2,6
18/05/2025,17,0,39,0,0,3
17/05/2025,22,0,31,0,0,4
16/05/2025,21,0,25,0,0,6
15/05/2025,30,0,28,0,0,10
14/05/2025,33,0,40,0,0,9
13/05/2025,24,0,27,0,3,7
12/05/2025,18,0,29,0,1,6
11/05/2025,33,0,27,0,1,7
10/05/2025,45,0,28,0,2,8
09/05/2025,49,0,40,0,2,8
08/05/2025,33,0,22,0,2,6
07/05/2025,41,0,46,0,1,3
06/05/2025,29,0,31,0,6,4
05/05/2025,29,0,24,0,1,129
04/05/2025,31,0,41,0,2,500
03/05/2025,33,0,39,0,1,105
02/05/2025,24,0,42,0,1,5
01/05/2025,29,0,38,0,0,4
30/04/2025,43,0,36,0,0,4
29/04/2025,30,0,33,0,1,6
28/04/2025,20,0,21,0,2,8
27/04/2025,43,0,44,0,2,3
26/04/2025,42,0,41,0,3,7
25/04/2025,31,0,40,0,3,9
24/04/2025,22,0,39,0,2,7
23/04/2025,28,0,53,0,2,4
22/04/2025,33,0,53,0,2,4
21/04/2025,24,0,46,0,2,7
20/04/2025,33,0,40,0,2,6
19/04/2025,31,0,55,0,3,7
18/04/2025,32,0,36,0,2,8
17/04/2025,44,0,33,0,2,8
16/04/2025,39,0,52,0,2,7
15/04/2025,37,0,39,0,3,11
14/04/2025,33,0,43,0,3,10
13/04/2025,34,0,41,0,2,9
12/04/2025,35,0,43,0,3,11
11/04/2025,21,0,23,0,2,12
10/04/2025,40,0,32,0,2,5
09/04/2025,32,0,42,0,3,7
08/04/2025,30,0,29,0,2,10
07/04/2025,19,0,33,0,2,9
06/04/2025,41,0,22,0,2,3
05/04/2025,39,0,42,0,2,7
04/04/2025,28,0,39,0,2,8
03/04/2025,29,0,48,0,2,5
02/04/2025,34,0,54,0,1,4
01/04/2025,23,0,48,0,2,5
31/03/2025,21,0,48,0,1,5
30/03/2025,30,0,34,0,2,4
29/03/2025,33,0,46,0,2,5
28/03/2025,27,0,36,0,2,4
27/03/2025,27,0,34,0,2,4
26/03/2025,40,0,39,0,2,4
25/03/2025,36,0,42,0,4,8
24/03/2025,32,0,43,0,2,7
23/03/2025,32,0,46,0,2,6
22/03/2025,37,0,30,0,2,5
21/03/2025,26,0,41,0,3,6
20/03/2025,38,0,41,0,2,5
19/03/2025,31,0,54,0,3,7
18/03/2025,21,0,42,0,2,6
17/03/2025,23,0,32,0,1,4
16/03/2025,18,0,53,0,2,4
15/03/2025,43,0,49,0,2,3
14/03/2025,37,0,36,0,4,9
13/03/2025,41,0,34,0,2,9
12/03/2025,36,0,43,0,3,8
11/03/2025,25,0,30,0,3,9
10/03/2025,24,0,47,0,2,4
09/03/2025,28,0,38,0,2,4
08/03/2025,28,0,45,0,2,3
07/03/2025,21,0,49,0,2,7
06/03/2025,23,0,39,0,2,9
05/03/2025,39,0,33,0,2,9
04/03/2025,21,0,48,0,1,8
03/03/2025,20,0,54,0,1,7
02/03/2025,18,0,45,0,1,6
01/03/2025,39,0,41,0,1,6
28/02/2025,42,0,45,0,2,7
27/02/2025,49,0,41,0,2,9
26/02/2025,32,0,25,0,2,6
25/02/2025,15,0,37,0,2,5
24/02/2025,0,0,41,0,1,4
22/02/2025,27,0,0,0,0,0
21/02/2025,23,0,34,0,1,5
20/02/2025,25,0,32,0,1,4
19/02/2025,18,0,37,0,1,3
18/02/2025,21,0,23,0,1,3
17/02/2025,13,0,23,0,1,4
16/02/2025,16,0,34,0,1,2
15/02/2025,0,0,36,0,1,2
14/02/2025,9,0,0,0, ,0
13/02/2025,28,0,0,0,1,7
12/02/2025,18,0,0,0,2,8
11/02/2025,22,0,0,0,1,10
10/02/2025,17,0,0,0,1,8
09/02/2025,30,0,0,0,1,6
08/02/2025,43,0,0,0,2,6
07/02/2025,32,0,0,0,7,8
06/02/2025,37,0,0,0,9,7
05/02/2025,23,0,18,0,4,6
04/02/2025,33,0,40,0,1,4
03/02/2025,0,0,30,0,4,6
01/02/2025,65,0,0,0,0,0
31/01/2025,37,0,57,0,22,7
30/01/2025,32,0,32,0,6,8
29/01/2025,29,0,37,0,4,5
28/01/2025,32,0,38,0,3,5
27/01/2025,36,0,34,0,2,7
26/01/2025,43,0,36,0,4,6
25/01/2025,53,0,42,0,7,7
24/01/2025,50,0,44,0,8,8
23/01/2025,40,0,72,0,10,8
22/01/2025,45,0,59,0,5,6
21/01/2025,32,0,70,0,7,5
20/01/2025,21,0,50,0,3,6
19/01/2025,31,0,58,0,3,3
18/01/2025,24,0,50,0,7,3
17/01/2025,22,0,40,0,5,4
16/01/2025,31,0,36,0,3,2
15/01/2025,36,0,50,0,6,2
14/01/2025,35,0,45,0,6,5
13/01/2025,38,0,43,0,4,8
12/01/2025,45,0,69,0,4,8
11/01/2025,32,0,56,0,4,8
10/01/2025,26,0,36,0,2,7
09/01/2025,35,0,39,0,3,7
08/01/2025,44,0,44,0,2,8
07/01/2025,29,0,42,0,5,8
06/01/2025,15,0,43,0,3,5
05/01/2025,17,0,33,0, ,4
04/01/2025,18,0,30,0, ,4
03/01/2025,20,0,24,0,1,3
02/01/2025,27,0,32,0, ,2
01/01/2025, ,0,33,0,1,2
30/12/2024,11,0, ,0, , 
29/12/2024,23,0,43,0,2,6
28/12/2024,24,0,38,0,1,7
27/12/2024,28,0,38,0,2,6
26/12/2024,46,0,40,0,4,6
25/12/2024,30,0,47,0,12,7
24/12/2024,27,0,32,0,1,7
23/12/2024,25,0,31,0,2,6
22/12/2024,29,0,45,0,2,4
21/12/2024, ,0,38,0,2,5
20/12/2024, ,0,35,0,4,6
19/12/2024, ,0,37,0,6,7
18/12/2024, ,0,35,0,6,5
17/12/2024, ,0,35,0,5,5
16/12/2024, ,0,45,0,3,5
15/12/2024, ,0,54,0,1,4
14/12/2024, ,0,32,0,8,7
13/12/2024, ,0,26,0,1,5
12/12/2024, ,0,45,0,1,3
11/12/2024, ,0,38,0,1,3
10/12/2024, ,0,33,0,3,4
09/12/2024, ,0,43,0,4,3
08/12/2024, ,0,50,0,4,3
07/12/2024, ,0,34,0,6,5
06/12/2024, ,0,50,0,3,3
05/12/2024, ,0,52,0,2,3
04/12/2024, ,0,47,0,4,4
03/12/2024, ,0,48,0,2,10
02/12/2024, ,0,47,0,3,18
01/12/2024, ,0,26,0,6,20
29/11/2024, ,0,5,0,15,18
28/11/2024, ,0,29,0,7,20
27/11/2024, ,0,42,0,4,15
26/11/2024, ,0,38,0,8,18
25/11/2024, ,0,42,0,3,16
24/11/2024, ,0,56,0,3,18
23/11/2024, ,0,61,0,4,18
22/11/2024, ,0,40,0,2,19
21/11/2024, ,0,35,0,2,17
20/11/2024, ,0,55,0,4,16
19/11/2024, ,0,65,0,3,17
18/11/2024, ,0,46,0,2,17
17/11/2024, ,0,45,0,2,17
16/11/2024, ,0,45,0,4,20
15/11/2024, ,0,102,0,10,18
14/11/2024, ,0,50,0,4,19
13/11/2024, ,0,58,0,5,16
12/11/2024, ,0,113,0,12,19
11/11/2024, ,0,112,0,9,16
10/11/2024, ,0,101,0,8,16
09/11/2024, ,0,44,0,7,16
08/11/2024, ,0,66,0,7,13
07/11/2024, ,0,75,0,8,14
06/11/2024, ,0,78,0,6,13
05/11/2024, ,0,69,0,8,13
04/11/2024, ,0,44,0,4,11
03/11/2024, ,0,46,0,3,10
02/11/2024, ,0,47,0,2,10
01/11/2024, ,0,70,0,4,15
31/10/2024, ,0,20,0,3,19
30/10/2024, ,0,24,0,5,18
29/10/2024, ,0,31,0,5,20
28/10/2024, ,0,13,0,2,15
27/10/2024, ,0,43,0,2,15
26/10/2024, ,0,50,0,3,16
25/10/2024, ,0,54,0,1,11
24/10/2024, ,0,52,0,3,12
23/10/2024,54,0,45,0,5,10
22/10/2024,33,0,71,0,4,9
21/10/2024,36,0,75,0,3,11
20/10/2024,34,0,97,0,1,10
19/10/2024,40,0,105,0,7,11
18/10/2024,31,0,91,0,8,9
17/10/2024, ,0,85,0,3,2
16/10/2024,17,0, ,0, , 
15/10/2024,5,0,87,0,2,1
14/10/2024,43,0,54,0,3, 
13/10/2024,49,0,47,0,4, 
12/10/2024,62,0,34,0,8, 
11/10/2024,48,0,29,0,8, 
10/10/2024,30,0,27,0,3, 
09/10/2024,39,0,44,0,4, 
08/10/2024,43,0,44,0,4, 
07/10/2024,25,0,75,0,5, 
06/10/2024,26,0,38,0,2, 
05/10/2024,60,0,84,0,4, 
04/10/2024,27,0,71,0,8, 
03/10/2024,38,0,58,0,5, 
02/10/2024,51,0,61,0,13, 
01/10/2024,22,0,54,0,11, 
30/09/2024,23,0,56,0,9, 
29/09/2024,16,0,87,0,6,6
28/09/2024,67,0,39,0,4,8
27/09/2024,64,0,74,0,12,7
26/09/2024,58,0,78,0,10,5
25/09/2024,41,0,71,0,8,5
24/09/2024,41,0,58,0,5,7
23/09/2024,49,0,71,0,7,6
22/09/2024,62,0,60,0,1,5
21/09/2024,58,0,76,0,11,5
20/09/2024,42,0,80,0,3,6
19/09/2024,41,0,70,0,3,7
18/09/2024,40,0,76,0,3,6
17/09/2024,48,0,77,0,4,7
16/09/2024,38,0,49,0,7,7
15/09/2024,48,0,55,0,4,5
14/09/2024,58,0,80,0,4,6
13/09/2024,54,0,73,0,3,6
12/09/2024,56,0,71,0,6,6
11/09/2024, ,0,73,0,6,6
10/09/2024,40,0,80,0,2,6
09/09/2024,59,0,53,0,3,4
08/09/2024,63,0,68,0,5,6
07/09/2024,51,0,80,0,4,7
06/09/2024,70,0,69,0,5,6
05/09/2024,91,0,58,0,2,7
04/09/2024,59,0,54,0,9,8
03/09/2024,53,0,78,0,3,7
02/09/2024,65,0,85,0,3,6
01/09/2024,54,0,82,0,2,6
31/08/2024,45,0,102,0,2,5
30/08/2024,43,0,61,0,6,6
29/08/2024,37,0,68,0,4,5
28/08/2024,35,0,63,0,8,4
27/08/2024,40,0,53,0,3,5
26/08/2024,32,0,65,0,4,4
25/08/2024,38,0,56,0,4,3
24/08/2024,46,0,46,0,3,3
23/08/2024,51,0,52,0,10,4
22/08/2024,45,0,49,0,13,5
21/08/2024,43,0,56,0,11,5
20/08/2024,35,0,56,0,9,5
19/08/2024,26,0,37,0,3,3
18/08/2024,37,0,66,0,3,3
17/08/2024,36,0,51,0,4,5
16/08/2024,38,0,53,0,15,5
15/08/2024,43,0,45,0,9,5
14/08/2024,32,0,49,0,9,5
13/08/2024,37,0,50,0,7,4
12/08/2024,42,0,39,0,12,3
11/08/2024,52,0,48,0,11,2
10/08/2024,63,0,28,0,12,6
09/08/2024,46,0,30,0,11,6
08/08/2024,39,0,46,0,5,4
07/08/2024,32,0,49,0,4,4
06/08/2024,44,0,40,0,7,3
05/08/2024,44,0,44,0,10,3
04/08/2024,53,0,52,0,9,3
03/08/2024,47,0,60,0,11,4
02/08/2024,44,0,51,0,9,4
01/08/2024,29,0,38,0,6,5
31/07/2024,30,0,49,0,5,3
30/07/2024,26,0,41,0,7,4
29/07/2024,26,0,34,0,6,3
28/07/2024,41,0,41,0,5,3
27/07/2024,47,0,32,0,10,5
26/07/2024,48,0,28,0,12,5
25/07/2024,38,0,43,0,6,5
24/07/2024,33,0,40,0,5,3
23/07/2024,30,0,34,0,6,4
22/07/2024,29,0,29,0,4,4
21/07/2024,37,0,30,0,4,3
20/07/2024,33,0,16,0,5,5
19/07/2024,37,0,31,0,4,3
18/07/2024,27,0,31,0,4,3
17/07/2024,26,0,45,0,5,3
16/07/2024,24,0,56,0,5,3
15/07/2024,19,0,41,0,4,3
14/07/2024,34,0,36,0,5,3
13/07/2024,46,0,36,0,8,4
12/07/2024,44,0,40,0,8,4
11/07/2024,43,0,43,0,5,3
10/07/2024,38,0,33,0,9,5
09/07/2024,26,0,38,0,5,4
08/07/2024,25,0,42,0,5,4
07/07/2024,36,0,34,0,4,3
06/07/2024,23,0,32,0,4,4
05/07/2024,27,0,36,0,4,3
04/07/2024,31,0,34,0,4,1
03/07/2024,27,0,39,0,5,2
02/07/2024,41,0,31,0,4,2
01/07/2024,37,0,45,0,4,2
30/06/2024,39,0,36,0,4,2
29/06/2024,48,0,46,0,5,2
28/06/2024,32,0,47,0,5,2
27/06/2024,40,0,43,0,3,1
26/06/2024,30,0,42,0,4,2
25/06/2024,32,0,37,0,4,2
24/06/2024, ,0,53,0,4,2
23/06/2024, ,0,58,0,5,2
22/06/2024,22,0,47,0,8,2
21/06/2024,45,0,36,0,4,2
20/06/2024,41,0,34,0,5,3
19/06/2024,47,0,57,0,5,3
18/06/2024,35,0,60,0,7,1
17/06/2024,26,0,28,0,6,2
16/06/2024,18,0,37,0,3,1
15/06/2024,25,0,34,0,3, 
14/06/2024,24,0,33,0,3, 
13/06/2024,35,0,26,0,3, 
12/06/2024,29,0,33,0,4,1
11/06/2024,20,0,29,0,4,1
10/06/2024,27,0,38,0,3, 
09/06/2024,28,0,40,0,3, 
08/06/2024,29,0,34,0,4, 
07/06/2024,21,0,32,0,4, 
06/06/2024,19,0,28,0,3,1
05/06/2024,31,0,33,0,3, 
04/06/2024,30,0,30,0,5,1
03/06/2024,28,0,24,0,6,1
02/06/2024,51,0,49,0,5, 
01/06/2024,31,0,28,0,5, 
31/05/2024,26,0,23,0,4,7
30/05/2024,32,0,39,0,3,2
29/05/2024,25,0,28,0,3,3
28/05/2024,41,0,29,0,3,3
27/05/2024,65,0,35,0,4,4
26/05/2024,34,0,37,0,9,3
25/05/2024,34,0,30,0,6,3
24/05/2024,20,0,32,0,4,2
23/05/2024,33,0,29,0,2,2
22/05/2024,29,0,23,0,5,3
21/05/2024,31,0,27,0,4,2
20/05/2024,28,0,23,0,5,2
19/05/2024,37,0,23,0,6,1
18/05/2024,30,0,23,0,7,1
17/05/2024,24,0,33,0,7,1
16/05/2024,37,0,32,0,5,1
15/05/2024,50,0,28,0,10,2
14/05/2024,54,0,24,0,14,2
13/05/2024,48,0,23,0,13,3
12/05/2024,60,0,47,0,10,5
11/05/2024,44,0,22,0,12,8
10/05/2024,59,0,37,0,11,5
09/05/2024,40,0,33,0,12,7
08/05/2024,34,0,16,0,7,7
07/05/2024,48,0,29,0,7,3
06/05/2024,36,0,27,0,20,5
05/05/2024,25,0,10,0,9,6
04/05/2024,16,0,31,0,4,1
03/05/2024,42,0,34,0,3,1
02/05/2024,39,0,38,0,7,3
01/05/2024,51,0,39,0,10,3
30/04/2024,27,0,30,0,7,4
29/04/2024,25,0,29,0,5,4
28/04/2024,47,0,37,0,5,3
27/04/2024,46,0,29,0,6,4
26/04/2024,51,0,34,0,7,9
25/04/2024,48,0,28,0,14, 
24/04/2024,23,0,24,0,9, 
23/04/2024,20,0,28,0,10, 
22/04/2024,25,0,19,0,10, 
21/04/2024,54,0,45,0,3, 
20/04/2024,8,0,23,0,13, 
19/04/2024,55,0,2,0,10, 
18/04/2024,25,0,27,0,16,6
17/04/2024,9,0,27,0,5,6
16/04/2024,36,0,68,0,5,4
15/04/2024,52,0,58,0,10,4
14/04/2024,66,0,63,0,11,5
13/04/2024,57,0,72,0,17,6
12/04/2024,63,0,59,0,9,6
11/04/2024,60,0,49,0,12,6
10/04/2024,45,0,46,0,8,7
09/04/2024,38,0,38,0,7,5
08/04/2024,37,0,40,0,5,5
07/04/2024,39,0,37,0,5,5
06/04/2024,35,0,33,0,10,5
05/04/2024,34,0,38,0,2,5
04/04/2024,33,0,32,0,5,4
03/04/2024,28,0,35,0,8,5
02/04/2024,37,0,28,0,5,6
01/04/2024,35,0,46,0,13,7
31/03/2024,41,0,48,0,8,5
30/03/2024,42,0,50,0,5,5
29/03/2024,57,0,39,0,6,6
28/03/2024,40,0,43,0,13,8
27/03/2024,40,0,42,0,5,7
26/03/2024,44,0,43,0,11,6
25/03/2024,51,0,38,0,8,6
24/03/2024,51,0,51,0,14,6
23/03/2024,41,0,51,0,11,7
22/03/2024,31,0,40,0,4,5
21/03/2024,51,0,60,0,3,5
20/03/2024,52,0,41,0,9,5
19/03/2024,46,0,39,0,5,5
18/03/2024,41,0,43,0,10,5
17/03/2024,42,0,40,0,9,5
16/03/2024,47,0,38,0,5,7
15/03/2024,36,0,31,0,4,6
14/03/2024,32,0,35,0,4,5
13/03/2024,34,0,39,0,3,5
12/03/2024,30,0,30,0,3,3
11/03/2024,44,0,32,0,6,2
10/03/2024,44,0,37,0,6,3
09/03/2024,53,0,45,0,7,4
08/03/2024,33,0,50,0,5,4
07/03/2024,41,0,50,0,2,3
06/03/2024,41,0,61,0,2,3
05/03/2024,27,0,55,0,3,3
04/03/2024,18,0,47,0,3,3
03/03/2024,16,0,47,0,1,2
02/03/2024,28,0,45,0,1,2
01/03/2024,35,0,52,0,3,4
29/02/2024,62,0,65,0,6,4
28/02/2024,49,0,68,0,19,7
27/02/2024,38,0,46,0,12,9
26/02/2024,25,0,52,0,8, 
25/02/2024,27,0,45,0,2, 
24/02/2024,32,0,38,0,2, 
23/02/2024,38,0,42,0,3,1
22/02/2024,23,0,40,0,3,3
21/02/2024,19,0,31,0,1,5
20/02/2024,39,0,23,0,1,5
19/02/2024,36,0,45,0,2,5
18/02/2024,26,0,56,0,2,4
17/02/2024,40,0,33,0,1,4
16/02/2024,25,0,29,0,2,6
15/02/2024,31,0,31,0,2,6
14/02/2024,23,0,34,0,1,5
13/02/2024,15,0,47,0,1,3
12/02/2024,30,0,39,0,1,3
11/02/2024,38,0,41,0,3,4
10/02/2024,43,0,34,0,3,6
09/02/2024,47,0,40,0,4,5
08/02/2024,52,0,49,0,11,6
07/02/2024,40,0,41,0,4,7
06/02/2024,30,0,55,0,3,5
05/02/2024,26,0,37,0,4,6
04/02/2024,30,0,57,0,4,4
03/02/2024,30,0,52,0,4,4
02/02/2024,41,0,47,0,2,4
01/02/2024,55,0,55,0,5,4
31/01/2024,50,0,65,0,8,4
30/01/2024,54,0,69,0,6,3
29/01/2024,52,0,66,0,8,4
28/01/2024,48,0,68,0,4,3
27/01/2024,50,0,67,0,4,3
26/01/2024,41,0,74,0,3,3
25/01/2024,45,0,76,0,4,4
24/01/2024,29,0,64,0,3,5
23/01/2024,35,0,37,0,3,5
22/01/2024,27,0,30,0,3,5
21/01/2024,34,0,36,0,1,4
20/01/2024,35,0,40,0,2,4
19/01/2024,41,0,33,0,3,4
18/01/2024,29,0,33,0,3,6
17/01/2024,33,0,35,0,1,4
16/01/2024,44,0,34,0,1,3
15/01/2024,30,0,35,0,13,4
14/01/2024,22,0,52,0,3,2
13/01/2024,25,0,77,0,4,2
12/01/2024,41,0,37,0,2,2
11/01/2024,21,0,40,0,9,3
10/01/2024,35,0,38,0, ,2
09/01/2024,46,0,38,0,2,4
08/01/2024,43,0,38,0,1,4
07/01/2024,49,0,37,0,3,5
06/01/2024,24,0,52,0,3,4
05/01/2024,22,0,48,0,1,3
04/01/2024,42,0,33,0,3,4
03/01/2024,47,0,22,0,9,5
02/01/2024,83,0,35,0,2,5
01/01/2024,33,0,43,0,3,7
31/12/2023,18,0,37,0,2,5
30/12/2023,19,0,37,0, ,3
29/12/2023,18,0,41,0, ,3
28/12/2023,22,0,33,0, ,3
27/12/2023,23,0,31,0,1,3
26/12/2023,36,0,39,0, ,3
25/12/2023,43,0,48,0,1,3
24/12/2023,38,0,53,0,5,4
23/12/2023,47,0,38,0,5,4
22/12/2023,38,0,58,0,5,4
21/12/2023,28,0,44,0,9,5
20/12/2023,27,0,37,0,2,5
19/12/2023,28,0,41,0,2,6
18/12/2023,20,0,34,0,1,6
17/12/2023,23,0,24,0,5,5
16/12/2023,22,0,35,0, ,5
15/12/2023,36,0,23,0,1,6
14/12/2023,62,0,36,0,7,5
13/12/2023,76,0,36,0,1,5
12/12/2023,45,0,29,0,18,6
11/12/2023,38,0,39,0,10,5
10/12/2023,34,0,32,0,6,4
09/12/2023,30,0,38,0,10,5
08/12/2023,26,0,32,0,8,5
07/12/2023,56,0,43,0,5,4
06/12/2023,51,0,42,0, ,4
05/12/2023,38,0,32,0,39,6
04/12/2023,41,0,43,0,12,5
03/12/2023,46,0,66,0,7,4
02/12/2023,46,0,61,0,15,6
01/12/2023,59,0,50,0,9,6
30/11/2023,53,0,47,0,39,4
29/11/2023,56,0,44,0,120,4
28/11/2023,41,0,36,0,23,5
27/11/2023,37,0,37,0,74,6
26/11/2023,31,0,45,0,9,5
25/11/2023,28,0,53,0,3,4
24/11/2023,30,0,38,0,82,5
23/11/2023,18,0,56,0,6,5
22/11/2023,19,0,48,0,4,3
21/11/2023,29,0,37,0,42,4
20/11/2023,32,0,45,0,46,4
19/11/2023,43,0,53,0,5,4
18/11/2023,54,0,60,0,6,5
17/11/2023,38,0,62,0,7,5
16/11/2023,25,0,59,0,4,5
15/11/2023,30,0,62,0,4,4
14/11/2023,48,0,59,0,6,4
13/11/2023,30,0,45,0,10,4
12/11/2023,31,0,59,0,4,4
11/11/2023,37,0,57,0,3,4
10/11/2023,33,0,50,0,7,5
09/11/2023,43,0,59,0,37,4
08/11/2023,37,0,67,0,28,4
07/11/2023,33,0,48,0,34,4
06/11/2023,39,0,45,0,29,5
05/11/2023,29,0,63,0,6,4
04/11/2023,32,0,49,0,8,3
03/11/2023,34,0,62,0,6,3
02/11/2023,27,0,57,0,5,4
01/11/2023,20,0,47,0,5,4
31/10/2023,28,0,47,0,23,4
30/10/2023,21,0,58,0,28,5
29/10/2023,18,0,52,0,4,5
28/10/2023,19,0,31,0,39,5
27/10/2023,22,0,49,0,2,4
26/10/2023,42,0,51,0,3,4
25/10/2023,9,0,56,0,5,6
24/10/2023,44,0,66,0,3,4
23/10/2023,48,0,47,0,9,6
22/10/2023,43,0,89,0,5,5
21/10/2023,46,0,68,0,3,4
20/10/2023,40,0,49,0,11,5
19/10/2023,48,0,61,0,7,5
18/10/2023,58,0,55,0,13,6
17/10/2023,37,0,77,0,26,7
16/10/2023,42,0,65,0,8,5
15/10/2023,32,0,58,0,13,6
14/10/2023,51,0,33,0,10,6
13/10/2023,60,0,68,0,10,6
12/10/2023,61,0,54,0,10,10
11/10/2023,57,0,49,0,12,9
10/10/2023,55,0,57,0,7,7
09/10/2023,43,0,68,0,8,7
08/10/2023, ,0,69,0,4,4
05/10/2023,46,0, ,0, , 
04/10/2023,41,0,81,0,7,4
03/10/2023,43,0,76,0,7,4
02/10/2023,38,0,71,0,11,4
01/10/2023,41,0,74,0,6,4
30/09/2023,52,0,49,0,7,5
29/09/2023,64,0,66,0,12,6
28/09/2023,54,0,84,0,19,7
27/09/2023,54,0,72,0,10,7
26/09/2023,47,0,70,0,19,6
25/09/2023,46,0,68,0,8,7
24/09/2023,63,0,63,0,6,5
23/09/2023,69,0,79,0,9,5
22/09/2023,51,0,87,0,8,5
21/09/2023,42,0,61,0,10,6
20/09/2023,40,0,62,0,11,4
19/09/2023,43,0,61,0,12,4
18/09/2023,38,0,66,0,8,4
17/09/2023,35,0,80,0,6,3
16/09/2023,35,0,81,0,5,4
15/09/2023,49,0,51,0,6,4
14/09/2023,47,0,49,0,6,4
13/09/2023,50,0,56,0,6,4
12/09/2023,39,0,52,0,9,5
11/09/2023,46,0,70,0,3,4
10/09/2023,57,0,49,0,10,5
09/09/2023,52,0,48,0,11,5
08/09/2023,43,0,82,0,7,4
07/09/2023,38,0,80,0,9,4
06/09/2023,25,0,86,0,17,4
05/09/2023,35,0,63,0,4,2
04/09/2023,49,0,56,0,4,5
03/09/2023,50,0,60,0,8,6
02/09/2023,46,0,69,0,7,7
01/09/2023,41,0,54,0,3,7
31/08/2023,43,0,57,0,5,6
30/08/2023,37,0,66,0,5,6
29/08/2023,31,0,54,0,4,6
28/08/2023,45,0,44,0,1,5
27/08/2023,48,0,70,0,2,6
26/08/2023,41,0,80,0,4,9
25/08/2023,42,0,44,0,5,7
24/08/2023,46,0,49,0,3,6
23/08/2023,35,0,65,0,3,6
22/08/2023,26,0,42,0,2,5
21/08/2023,28,0,49,0,1,4
20/08/2023,57,0,53,0,1,5
19/08/2023,44,0,64,0,3,6
18/08/2023,47,0,64,0,3,5
17/08/2023,44,0,50,0,2,5
16/08/2023,30,0,65,0,2,5
15/08/2023,41,0,46,0,1,4
14/08/2023,46,0,51,0,2,5
13/08/2023,45,0,51,0,2,5
12/08/2023,46,0,45,0,3,5
11/08/2023,43,0,48,0,3,5
10/08/2023,39,0,61,0,3,5
09/08/2023,26,0,38,0,4,7
08/08/2023,37,0,30,0,3,4
07/08/2023,35,0,38,0,3,5
06/08/2023,31,0,42,0,2,5
05/08/2023,36,0,42,0,3,6
04/08/2023,33,0,50,0,3,6
03/08/2023,32,0,55,0,3,5
02/08/2023,25,0,44,0,3,5
01/08/2023,30,0,38,0,2,4
31/07/2023,24,0,35,0,2,4
30/07/2023,30,0,34,0,2,5
29/07/2023,43,0,31,0,3,5
28/07/2023,56,0,23,0,12,7
27/07/2023,48,0,52,0,3,6
26/07/2023,37,0,52,0,3,6
25/07/2023,31,0,43,0,2,4
24/07/2023, ,0,34,0,2,4
23/07/2023,22,0, ,0, , 
22/07/2023,21,0,26,0,3,5
21/07/2023,14,0,35,0,2,3
20/07/2023,18,0,38,0,1,2
19/07/2023,26,0,40,0,1,2
18/07/2023,40,0,46,0,2,4
17/07/2023,35,0,31,0,2,4
16/07/2023,32,0,37,0,2,4
15/07/2023,34,0,33,0,1,4
14/07/2023,36,0,35,0,2,3
13/07/2023,31,0,43,0,3,4
12/07/2023,32,0,39,0,3,4
11/07/2023,30,0,34,0,3,4
10/07/2023,32,0,33,0,9,4
09/07/2023,20,0,33,0,11,3
08/07/2023,26,0,43,0,7,2
07/07/2023,22,0,38,0,5,2
06/07/2023,35,0,45,0,2,2
05/07/2023,28,0,44,0,2,3
04/07/2023,32,0,44,0,1,2
03/07/2023,41,0,43,0, ,2
02/07/2023,42,0,58,0,1,3
01/07/2023,22,0,37,0,2,5
30/06/2023,27,0,29,0,1,3
29/06/2023,46,0,28,0,2,4
28/06/2023,39,0,38,0,1,4
27/06/2023,37,0,37,0,1,2
26/06/2023,34,0,36,0,1,4
25/06/2023,43,0,47,0, ,4
24/06/2023,42,0,45,0, ,5
23/06/2023,35,0,42,0,1,5
22/06/2023,29,0,30,0,1,5
21/06/2023,26,0,23,0,1,5
20/06/2023,26,0,35,0, ,5
19/06/2023,18,0,44,0,1,6
18/06/2023,28,0,35,0,2,4
17/06/2023,32,0,27,0,1,5
16/06/2023,35,0,26,0, ,5
15/06/2023,38,0,25,0, ,4
14/06/2023,34,0,29,0,3,5
13/06/2023,37,0,41,0,1,5
12/06/2023,41,0,36,0,2,6
11/06/2023,45,0,42,0, ,5
10/06/2023,31,0,42,0,1,5
09/06/2023,31,0,30,0,2,4
08/06/2023,28,0,39,0,4,4
07/06/2023,37,0,39,0, ,3
06/06/2023,35,0,35,0,1,5
05/06/2023,34,0,24,0,2,5
04/06/2023,41,0,36,0,1,4
03/06/2023,34,0,37,0,1,6
02/06/2023,41,0,34,0, ,5
01/06/2023,38,0,35,0,2,5
31/05/2023,30,0,29,0,1,5
30/05/2023,25,0,41,0, ,3
29/05/2023,31,0,43,0, ,3
28/05/2023,45,0,36,0,1,4
27/05/2023,31,0,39,0, ,5
26/05/2023,23,0,45,0,1,4
25/05/2023,48,0,40,0,1,3
24/05/2023,28,0,53,0,1,5
23/05/2023,23,0,26,0, ,5
22/05/2023,27,0,39,0, ,3
21/05/2023,36,0,45,0,2,3
20/05/2023,45,0,32,0, ,4
19/05/2023,41,0,45,0,2,5
18/05/2023,43,0,39,0,1,4
17/05/2023,26,0,41,0,1,4
16/05/2023,31,0,40,0,1,3
15/05/2023,25,0,35,0,1,4
14/05/2023,39,0,25,0, ,4
13/05/2023,60,0,32,0,1,6
12/05/2023,39,0,42,0,2,9
11/05/2023,45,0,2,0,1,5
10/05/2023,49,0,37,0,1,4
09/05/2023,37,0,35,0,3,6
08/05/2023,41,0,46,0,1,5
07/05/2023,47,0,45,0,4,4
06/05/2023,35,0,36,0,10,6
05/05/2023,36,0,31,0,2,6
04/05/2023,37,0,28,0,2,5
03/05/2023,32,0,36,0,2,5
02/05/2023,22,0,27,0,2,4
01/05/2023,22,0,29,0, ,2
30/04/2023,33,0,40,0, ,2
29/04/2023,33,0,42,0, ,3
28/04/2023,42,0,48,0, ,3
27/04/2023,33,0,44,0,3,5
26/04/2023,34,0,37,0,2,5
25/04/2023,33,0,50,0,1,3
24/04/2023,28,0,69,0,1,4
23/04/2023,33,0,20,0,1,5
22/04/2023,30,0,42,0,1,3
21/04/2023,34,0,38,0, ,4
20/04/2023,29,0,26,0,2,3
19/04/2023,32,0,32,0,1,3
18/04/2023,30,0,29,0,1,4
17/04/2023,29,0,23,0, ,5
16/04/2023,34,0,24,0, ,3
15/04/2023,37,0,31,0, ,2
14/04/2023,37,0,39,0, ,3
13/04/2023,38,0,27,0, ,3
12/04/2023,39,0,32,0, ,3
11/04/2023,33,0,34,0,1,4
10/04/2023,39,0,33,0,1,5
09/04/2023,33,0,36,0,1,6
08/04/2023,19,0,18,0, ,6
07/04/2023,25,0,34,0, ,3
06/04/2023,37,0,22,0, ,4
05/04/2023,35,0, ,0, ,5
04/04/2023,28,0,25,0, ,6
03/04/2023,32,0,34,0, ,4
02/04/2023,45,0,39,0, ,4
01/04/2023,46,0,44,0,1,8
31/03/2023,40,0,20,0, ,7
30/03/2023,41,0,45,0, ,4
29/03/2023,45,0,37,0, ,4
28/03/2023,32,0,40,0,1,5
27/03/2023,35,0,40,0, ,4
26/03/2023,19,0,47,0, ,3
25/03/2023,19,0,34,0, ,3
24/03/2023,20,0,21,0, ,4
23/03/2023,37,0,39,0, ,3
22/03/2023,38,0,43,0,1,4
21/03/2023,43,0,30,0,1,5
20/03/2023,35,0,28,0,3,5
19/03/2023,45,0,24,0,4,4
18/03/2023, ,0,4,0,3,9
17/03/2023,40,0, ,0, , 
16/03/2023,39,0,22,0,3,5
15/03/2023,28,0,26,0,3,5
14/03/2023,35,0,17,0,3,5
13/03/2023,43,0,27,0,3,6
12/03/2023,19,0,32,0,3,5
11/03/2023,26,0,17,0,2,3
10/03/2023,27,0,29,0,2,5
09/03/2023,43,0,19,0,3,6
08/03/2023,24,0,28,0,4,7
07/03/2023, ,0,8,0,3,6
06/05/2022,24,0, ,0, , 
05/05/2022,56,0,19,0,3,3
04/05/2022,59,0,39,0,4,5
03/05/2022,52,0,45,0,5,5
02/05/2022,47,0,39,0,4,4
01/05/2022,39,0,41,0,4,4
30/04/2022,60,0,26,0,4,6
29/04/2022,47,0,34,0,5,9
28/04/2022, ,0,34,0,4,6
14/04/2022,49,0, ,0, , 
13/04/2022,37,0, ,0,3,3
12/04/2022,32,0,36,0,3,3
11/04/2022,34,0,27,0,3,2
10/04/2022,37,0,38,0,3,2
09/04/2022,48,0,33,0,3,2
08/04/2022,48,0,35,0,4,3
07/04/2022,47,0,42,0,2,5
06/04/2022,42,0,36,0,3,4
05/04/2022,48,0,33,0,3,4
04/04/2022,47,0,39,0,6,3
03/04/2022,44,0,48,0,4,4
02/04/2022,38,0,43,0,4,4
01/04/2022,56,0,36,0,3,2
31/03/2022,38,0,73,0,6,4
30/03/2022,32,0,36,0,4,4
29/03/2022,52,0,36,0,3,2
28/03/2022,50,0,43,0,3,4
27/03/2022,23,0,31,0,3,3
26/03/2022,44,0,32,0,3,2
25/03/2022,29,0,34,0,5,3
24/03/2022,42,0,34,0,3,2
23/03/2022,49,0,41,0,3,3
22/03/2022,40,0,55,0,4,4
21/03/2022,32,0,35,0,3,3
20/03/2022,33,0,37,0,3,2
19/03/2022,59,0,37,0,3,2
18/03/2022,32,0,45,0,4,3
17/03/2022,39,0,36,0,3,2
16/03/2022,36,0,51,0,3,1
15/03/2022,38,0,45,0,2,2
14/03/2022,41,0,48,0,4,3
13/03/2022,36,0,48,0,3,2
12/03/2022,45,0,26,0,4,4
11/03/2022,48,0,40,0,4,4
10/03/2022,48,0,50,0,3,3
09/03/2022,38,0,43,0,3,2
08/03/2022,36,0,29,0,3,3
07/03/2022,33,0,22,0,2,2
06/03/2022,30,0,36,0,2,1
05/03/2022,34,0,36,0,2,1
04/03/2022,29,0,41,0,4,1
03/03/2022,28,0,38,0,2,1
02/03/2022,37,0,31,0,2,1
01/03/2022,39,0,37,0,2,1
28/02/2022,37,0,41,0,3,2
27/02/2022,43,0,41,0,3,1
26/02/2022,34,0,38,0,2,1
25/02/2022,24,0,38,0,2,1
24/02/2022,68,0,50,0,2,1
23/02/2022,67,0,57,0,7,3
22/02/2022,27,0,64,0,8,3
21/02/2022,20,0,49,0,2,1
20/02/2022,27,0,37,0,2,1
19/02/2022,38,0,44,0,2,1
18/02/2022,49,0,39,0,2,2
17/02/2022,52,0,75,0,2,1
16/02/2022,39,0,80,0,4,2
15/02/2022,33,0,44,0,4,1
14/02/2022,29,0,50,0,2,2
13/02/2022,27,0,47,0,2,1
12/02/2022,25,0,43,0,2,1
11/02/2022, ,0,40,0,2,1
06/01/2022,27,0, ,0, , 
05/01/2022,44,0,28,0,2, 
04/01/2022,42,0,53,0,4, 
03/01/2022,40,0,50,0,4,1
02/01/2022,70,0,52,0,4, 
01/01/2022,58,0,48,0,3,1
31/12/2021,54,0,49,0,3,1
30/12/2021,42,0,46,0,4,1
29/12/2021,49,0,30,0,2, 
28/12/2021,45,0,50,0,2,1
27/12/2021,50,0,36,0,2,1
26/12/2021,38,0,38,0,3,1
25/12/2021,40,0,34,0,2, 
24/12/2021,42,0,36,0,2,1
23/12/2021,25,0,37,0,2,1
22/12/2021,23,0,30,0,1, 
21/12/2021,36,0,26,0,1, 
20/12/2021,20,0,25,0,3,1
19/12/2021,24,0,25,0,2, 
18/12/2021,32,0,22,0,1, 
17/12/2021,23,0,18,0,1,1
16/12/2021,34,0,24,0,1,1
15/12/2021,25,0,28,0,1,1
14/12/2021,22,0,20,0,1, 
13/12/2021,15,0,22,0,1,1
12/12/2021,32,0,24,0,1, 
11/12/2021,41,0,36,0,1,2
10/12/2021,45,0,34,0,2,2
09/12/2021,39,0,30,0,2,2
08/12/2021,59,0,26,0,1,1
07/12/2021,36,0,38,0,4,5
06/12/2021,36,0,38,0,2,3
05/12/2021,42,0,38,0,2,4
04/12/2021,45,0,38,0,3,4
03/12/2021,56,0,38,0,2,4
02/12/2021,49,0,38,0,6,4
01/12/2021,45,0,37,0,2,5
30/11/2021,29,0,34,0,2,6
29/11/2021,48,0,32,0,1,3
28/11/2021,59,0,51,0,3,5
27/11/2021,53,0,48,0,2,6
26/11/2021,48,0,48,0,2,6
25/11/2021,31,0,32,0,3,5
24/11/2021,34,0,33,0,1,4
23/11/2021,35,0,31,0,1,4
22/11/2021,44,0,29,0,2,4
21/11/2021,29,0,39,0,2,4
20/11/2021,26,0,33,0,1,4
19/11/2021,23,0,27,0,1,4
18/11/2021,30,0,36,0,1,3
17/11/2021,34,0,34,0,2,4
16/11/2021,43,0,32,0,2,3
15/11/2021,43,0,34,0,3,4
14/11/2021,45,0,40,0,2,4
13/11/2021,40,0,36,0,2,3
12/11/2021,40,0,35,0,1,3
11/11/2021,35,0,42,0,3,4
10/11/2021,22,0,33,0,2,4
09/11/2021,37,0,31,0,1,3
08/11/2021,54,0,39,0,1,3
07/11/2021,51,0,38,0,2,3
06/11/2021,55,0,41,0,2,4
05/11/2021,46,0,12,0,3,4
04/11/2021,38,0,43,0,2,4
03/11/2021,25,0,47,0,1,3
02/11/2021,38,0,36,0,1,3
01/11/2021,57,0,37,0,1,4
31/10/2021,62,0,40,0,2,5
30/10/2021,57,0,53,0,2,6
29/10/2021,53,0,35,0,2,7
28/10/2021,58,0,57,0,2,4
27/10/2021,45,0,56,0,3,6
26/10/2021,50,0,44,0,3,5
25/10/2021,49,0,64,0,3,6
24/10/2021,35,0,70,0,2,6
23/10/2021,48,0,45,0,1,6
22/10/2021,39,0,49,0,3,6
21/10/2021,50,0,40,0,2,7
20/10/2021,57,0,43,0,2,5
19/10/2021,49,0,44,0,2,5
18/10/2021,45,0,47,0,2,6
17/10/2021,41,0,34,0,2,6
16/10/2021,65,0,39,0,4,6
15/10/2021,60,0,46,0,5,7
14/10/2021,51,0,42,0,3,6
13/10/2021,56,0,46,0,4,5
12/10/2021,59,0,45,0,6,7
11/10/2021,47,0,50,0,4,7
10/10/2021,46,0,39,0,2,5
09/10/2021,60,0,47,0,1,4
08/10/2021,56,0,44,0,4,4
07/10/2021,51,0,34,0,4,5
06/10/2021,46,0,37,0,3,5
05/10/2021,50,0,39,0,2,4
04/10/2021,59,0,45,0,3,5
03/10/2021,63,0,40,0,3,6
02/10/2021,64,0,53,0,3,7
01/10/2021,38,0,40,0,3,7
30/09/2021,40,0,41,0,1,5
29/09/2021,53,0,50,0,2,4
28/09/2021,39,0,58,0,2,4
27/09/2021,28,0,54,0,3,6
26/09/2021,38,0,58,0,2,5
25/09/2021,47,0,61,0,2,6
24/09/2021,31,0,43,0,2,7
23/09/2021,45,0,47,0,3,6
22/09/2021,37,0,44,0,2,5
21/09/2021,46,0,55,0,1,5
20/09/2021,53,0,44,0,2,5
19/09/2021,54,0,56,0,2,5
18/09/2021,36,0,50,0,2,6
17/09/2021,37,0,53,0,2,5
16/09/2021,48,0,51,0,2,4
15/09/2021,42,0,51,0,2,5
14/09/2021,36,0,58,0,3,4
13/09/2021,36,0,42,0,2,4
12/09/2021,42,0,40,0,1,4
11/09/2021,53,0,38,0,2,4
10/09/2021,43,0,50,0,4,6
09/09/2021,58,0,40,0,2,6
08/09/2021,52,0,38,0,3,6
07/09/2021,36,0,53,0,2,6
06/09/2021,44,0,28,0,1,6
05/09/2021,47,0,44,0,1,3
04/09/2021,55,0,42,0,2,4
03/09/2021,43,0,38,0,2,4
02/09/2021,54,0,42,0,2,3
01/09/2021,51,0,41,0,2,6
31/08/2021,48,0,47,0,1,9
30/08/2021,51,0,29,0,1,8
29/08/2021,50,0,34,0,1,6
28/08/2021,51,0,38,0,2,6
27/08/2021,45,0,44,0,1,5
26/08/2021,38,0,36,0,10,5
25/08/2021,41,0,40,0, ,5
24/08/2021,43,0,40,0,12,5
23/08/2021,58,0,40,0,1,5
22/08/2021,69,0,35,0,1,6
21/08/2021,42,0,36,0,1,7
20/08/2021,45,0,58,0,1,5
19/08/2021,40,0,46,0, ,4
18/08/2021,40,0,39,0, ,4
17/08/2021,36,0,33,0, ,4
16/08/2021,47,0,40,0, ,4
15/08/2021,63,0,50,0, ,4
14/08/2021,38,0,46,0,1,6
13/08/2021,57,0,38,0, ,4
12/08/2021,48,0,30,0,3,5
11/08/2021,47,0,33,0, ,5
10/08/2021,53,0,33,0,1,6
09/08/2021,57,0,41,0,1,5
08/08/2021,59,0,44,0,1,5
07/08/2021,49,0,33,0,1,6
06/08/2021,54,0,32,0,2,6
05/08/2021, ,0,44,0,1,5
07/07/2021,38,0, ,0, , 
06/07/2021,30,0,5,0,2,6
05/07/2021,29,0,53,0,1,5
04/07/2021,46,0,40,0, ,4
03/07/2021,47,0,32,0, ,4
02/07/2021,39,0,31,0,1,5
01/07/2021,43,0,32,0,1,4
30/06/2021,45,0,25,0,3,4
29/06/2021,49,0,33,0,3,5
28/06/2021,50,0,30,0,5,6
27/06/2021,45,0,41,0,4,4
26/06/2021,32,0,39,0,3,4
25/06/2021,37,0,42,0,3,4
24/06/2021,45,0,35,0,4,6
23/06/2021,40,0,36,0,3,5
22/06/2021,47,0,31,0,4,5
21/06/2021, ,0,28,0,4,6
20/06/2021,33,0, ,0, , 
19/06/2021,45,0,25,0,3,5
18/06/2021,50,0,30,0,3,5
17/06/2021,48,0,37,0,4,5
16/06/2021,31,0,32,0,5,5
15/06/2021,33,0,20,0,3,5
14/06/2021,25,0,28,0,3,4
13/06/2021,55,0,29,0,3,4
12/06/2021,65,0,40,0,4,5
11/06/2021,56,0,42,0,5,5
10/06/2021,39,0,34,0,4,4
09/06/2021,32,0,34,0,3,3
08/06/2021,34,0,19,0,3,4
07/06/2021, ,0,25,0,2,3
06/06/2021, ,0,30,0,4,3
05/06/2021,54,0,35,0,3,5
04/06/2021,44,0,32,0,5,7
03/06/2021,55,0,33,0,4,4
02/06/2021,55,0,40,0,4,4
01/06/2021,54,0,28,0,3,6
31/05/2021,55,0,28,0,4,7
30/05/2021,47,0,39,0,4,7
29/05/2021,39,0,36,0,3,6
28/05/2021,39,0,38,0,4,4
27/05/2021,38,0,31,0,2,4
26/05/2021,35,0,31,0,3,4
25/05/2021,32,0,29,0,2,4
24/05/2021,24,0,27,0,2,4
23/05/2021,28,0,28,0,2,3
22/05/2021,50,0,28,0,12,4
21/05/2021,47,0,34,0,5,4
20/05/2021,47,0,33,0,3,4
19/05/2021,44,0,37,0,3,5
18/05/2021,25,0,26,0,3,5
17/05/2021,27,0,22,0,2,3
16/05/2021,43,0,23,0,2,3
15/05/2021,42,0,31,0,2,3
14/05/2021,42,0,34,0,3,3
13/05/2021,46,0,23,0,3,4
12/05/2021,24,0,22,0,3,4
11/05/2021,26,0,17,0,4,3
10/05/2021,35,0,14,0,3,3
09/05/2021,45,0,25,0,2,2
08/05/2021,44,0,36,0,4,3
07/05/2021,32,0,38,0,3,4
06/05/2021,41,0,35,0,3,4
05/05/2021,40,0,40,0,3,3
04/05/2021,31,0,37,0,3,5
03/05/2021,31,0,38,0,2,6
02/05/2021,31,0,27,0,2,5
01/05/2021,31,0,30,0,2,5
30/04/2021,43,0,25,0,3,6
29/04/2021,35,0,35,0,3,7
28/04/2021,36,0,38,0,12,7
27/04/2021,27,0,30,0,3,6
26/04/2021,46,0,34,0,2,5
25/04/2021,21,0,39,0,3,4
24/04/2021,53,0,24,0,2,4
23/04/2021,51,0,38,0,4,6
22/04/2021,32,0,37,0,3,6
21/04/2021,47,0,37,0,2,5
20/04/2021,38,0,35,0,4,7
19/04/2021,54,0,19,0,3,7
18/04/2021,51,0,37,0,4,4
17/04/2021,36,0,26,0,3,5
16/04/2021,38,0,45,0,4,4
15/04/2021,44,0,29,0,2,3
14/04/2021,33,0,30,0,3,3
13/04/2021,43,0,27,0,4,3
12/04/2021,44,0,26,0,4,5
11/04/2021,44,0,39,0,3,3
10/04/2021,48,0,36,0,3,4
09/04/2021,27,0,40,0,4,2
08/04/2021,49,0,35,0,2,4
07/04/2021,50,0,38,0,3,7
06/04/2021,39,0,34,0,3,7
05/04/2021,38,0,38,0,3,6
04/04/2021,32,0,23,0,3,6
03/04/2021,30,0,30,0,2,5
02/04/2021,41,0,32,0,2,5
01/04/2021,39,0,34,0,2,6
31/03/2021,36,0,34,0,4,6
30/03/2021,34,0,23,0,2,5
29/03/2021,46,0,31,0,2,5
28/03/2021,54,0,40,0,3,5
27/03/2021,66,0,39,0,3,7
26/03/2021,49,0,43,0,3,8
25/03/2021,52,0,51,0,3,7
24/03/2021,37,0,47,0,2,6
23/03/2021,35,0,36,0,2,5
22/03/2021,38,0,29,0,2,4
21/03/2021,33,0,35,0,2,5
20/03/2021,49,0,26,0,2,5
19/03/2021,37,0,38,0,3,6
18/03/2021,56,0,36,0,2,5
17/03/2021,31,0,27,0,3,7
16/03/2021,26,0,35,0,2,5
15/03/2021,29,0,35,0,2,4
14/03/2021,51,0,36,0,2,4
13/03/2021,32,0,39,0,4,5
12/03/2021,40,0,27,0,2,4
11/03/2021,29,0,23,0,3,5
10/03/2021,23,0,28,0,2,3
09/03/2021,28,0,26,0,2,4
08/03/2021,51,0,27,0,1,3
07/03/2021,48,0,37,0,2, 
06/03/2021,36,0,47,0,3,1
05/03/2021,35,0,32,0,2,5
04/03/2021,34,0,37,0,2,8
03/03/2021,24,0,44,0,2,7
02/03/2021,19,0,18,0,1,8
01/03/2021,32,0,21,0,1,2
28/02/2021,22,0,35,0,2,3
27/02/2021,28,0,26,0,3,2
26/02/2021,28,0,27,0,1,2
25/02/2021,37,0,28,0,1,2
24/02/2021,29,0,26,0,2,3
23/02/2021,20,0,44,0,1,3
22/02/2021,21,0,24,0,1,3
21/02/2021,31,0,30,0,2,3
20/02/2021,21,0,33,0,2,4
19/02/2021,21,0,25,0,1,3
18/02/2021,23,0,32,0,1,2
17/02/2021,25,0,36,0,2,3
16/02/2021,55,0,36,0,1,2
15/02/2021, ,0,36,0,3,3
14/02/2021,32,0, ,0, , 
13/02/2021,33,0,8,0,1,3
12/02/2021,25,0,29,0,2,3
11/02/2021,38,0,33,0,1,3
10/02/2021,45,0,38,0,1,4
09/02/2021,38,0,39,0,2,4
08/02/2021,42,0,30,0,2,3
07/02/2021,44,0,36,0,2,4
06/02/2021,31,0,39,0,2,4
05/02/2021,44,0,33,0,1,3
04/02/2021,38,0,38,0,2,3
03/02/2021,33,0,30,0,2,3
02/02/2021,41,0,34,0,1,3
01/02/2021,42,0,35,0,2,3
31/01/2021,34,0,32,0,5,4
30/01/2021,35,0,35,0,2,4
29/01/2021,31,0,38,0,1,2
28/01/2021,33,0,35,0,1,2
27/01/2021,29,0,35,0,1,3
26/01/2021,38,0,29,0,1,3
25/01/2021,37,0,31,0,2,3
24/01/2021,37,0,35,0,2,3
23/01/2021,41,0,37,0,2,4
22/01/2021,35,0,23,0,2,4
21/01/2021,36,0,31,0,2,2
20/01/2021,35,0,37,0,1,2
19/01/2021,42,0,37,0,2,2
18/01/2021,31,0,33,0,2,2
17/01/2021,29,0,33,0,1,2
16/01/2021,30,0,29,0,1,2
15/01/2021,37,0,35,0,1,2
14/01/2021,31,0,33,0,2,2
13/01/2021,28,0,28,0,1,2
12/01/2021,27,0,34,0,1,2
11/01/2021,28,0,34,0,1,2
10/01/2021,34,0,35,0,1,2
09/01/2021,29,0,35,0,2,2
08/01/2021,28,0,33,0,1,2
07/01/2021,32,0,37,0,2,2
06/01/2021,21,0,29,0,2,1
05/01/2021,22,0,25,0,1,1
04/01/2021, ,0,25,0,1,2
02/01/2021,186,0, ,0, , 
01/01/2021,67,0,3,0,6,8
31/12/2020,28,0,37,0,2,4
30/12/2020,30,0,40,0,1,2
29/12/2020,15,0,36,0,2,2
28/12/2020,30,0,30,0,2,1
27/12/2020,21,0,33,0,1,2
26/12/2020,25,0,25,0,1,2
25/12/2020,36,0,32,0,1,2
24/12/2020,49,0,31,0,2,3
23/12/2020,48,0,34,0,3,3
22/12/2020,36,0,37,0,1,2
21/12/2020,33,0,37,0,3,2
20/12/2020,35,0,37,0,1,2
19/12/2020,33,0,37,0,1,2
18/12/2020,34,0,33,0,1,2
17/12/2020,45,0,18,0,3,3
16/12/2020,46,0,42,0,3,3
15/12/2020,46,0,38,0,3,3
14/12/2020,41,0,38,0,2,2
13/12/2020,59,0,42,0,2,2
12/12/2020,57,0,41,0,2,5
11/12/2020,50,0,40,0,2,5
10/12/2020,44,0,41,0,1,3
09/12/2020,36,0,35,0,1,2
08/12/2020,38,0,38,0,1,2
07/12/2020,40,0,37,0,1,2
06/12/2020,42,0,31,0,1,2
05/12/2020,25,0,33,0,1,3
04/12/2020,35,0,31,0,1,2
03/12/2020,29,0,31,0,1,3
02/12/2020,40,0,30,0,2,2
01/12/2020,37,0,34,0,1,2
30/11/2020,44,0,37,0,2,2
29/11/2020,66,0,50,0,2,3
28/11/2020,54,0,43,0,2,5
27/11/2020,36,0,24,0,4,5
26/11/2020,57,0,52,0,2,3
25/11/2020,53,0,45,0,5,4
24/11/2020,60,0,41,0,1,5
23/11/2020,58,0,36,0,2,6
22/11/2020,48,0,45,0,3,4
21/11/2020,41,0,34,0,2,6
20/11/2020,68,0,30,0,3,5
19/11/2020,70,0,28,0,5,4
18/11/2020,78,0,44,0,6,6
17/11/2020,77,0,41,0,7,5
16/11/2020,76,0,46,0,3,4
15/11/2020,92,0,57,0,5,4
14/11/2020,83,0,63,0,5,3
13/11/2020,72,0,65,0,3,4
12/11/2020,71,0,59,0,4,4
11/11/2020,74,0,57,0,5,3
10/11/2020,68,0,60,0,5,5
09/11/2020,70,0,59,0,6,4
08/11/2020,75,0,63,0,2,4
07/11/2020,76,0,45,0,11,4
06/11/2020,78,0,64,0,8,4
05/11/2020,62,0,73,0,12,4
04/11/2020,52,0,62,0,2,3
03/11/2020,51,0,58,0,1,3
02/11/2020,51,0,54,0,1,3
01/11/2020,55,0,49,0,1,2
31/10/2020,48,0,53,0,1,3
30/10/2020,53,0,47,0,1,3
29/10/2020,23,0,62,0, ,2
28/10/2020,59,0,33,0, ,2
27/10/2020,54,0,27,0,3,4
26/10/2020,50,0,51,0,2,3
25/10/2020,56,0,50,0,1,3
24/10/2020,43,0,46,0,2,4
23/10/2020,42,0,42,0,2,3
22/10/2020,61,0,38,0,3,4
21/10/2020,58,0,33,0,9,4
20/10/2020,46,0,53,0,1,4
19/10/2020,42,0,38,0,2,4
18/10/2020,41,0,38,0,2,3
17/10/2020,52,0,34,0,1,2
16/10/2020,49,0,38,0,2,4
15/10/2020,57,0,47,0,1,2
14/10/2020,54,0,49,0,2,2
13/10/2020,53,0,48,0,2,2
12/10/2020,53,0,56,0,1,2
11/10/2020,38,0,64,0,2,2
10/10/2020,39,0,70,0,1,2
09/10/2020,34,0,61,0,2,2
08/10/2020,54,0,52,0,2,3
07/10/2020,53,0,53,0,2,2
06/10/2020,32,0,54,0,4,3
05/10/2020,50,0,51,0,3,3
04/10/2020,56,0,39,0,9,3
03/10/2020,44,0,46,0,3,3
02/10/2020,38,0,46,0,3,3
01/10/2020,36,0,39,0,3,3
30/09/2020, ,0,17,0,3,3
24/09/2020,64,0, ,0, , 
23/09/2020,54,0,58,0,4,3
22/09/2020,44,0,43,0,3,2
21/09/2020,51,0,46,0,3,3
20/09/2020,61,0,40,0,3,3
19/09/2020,55,0,41,0,4,4
18/09/2020,66,0,49,0,4,3
17/09/2020,60,0,50,0,4,5
16/09/2020,54,0,36,0,4,6
15/09/2020,35,0,37,0,5,5
14/09/2020,39,0,43,0,3,4
13/09/2020,45,0,40,0,4,5
12/09/2020,55,0,43,0,3,5
11/09/2020,54,0,52,0,4,6
10/09/2020,52,0,48,0,4,6
09/09/2020,43,0,50,0,4,5
08/09/2020,46,0,46,0,3,4
07/09/2020,46,0,48,0,2,4
06/09/2020,40,0,51,0,3,4
05/09/2020,48,0,43,0,3,5
04/09/2020,48,0,41,0,2,4
03/09/2020,48,0,41,0,3,5
02/09/2020,49,0,47,0,3,7
01/09/2020,54,0,39,0,3,6
31/08/2020,37,0,66,0,3,4
30/08/2020,38,0,54,0,2,4
29/08/2020,31,0,36,0,2,4
28/08/2020,44,0,36,0,2,3
27/08/2020,46,0,46,0,4,4
26/08/2020,52,0,43,0,3,3
25/08/2020,43,0,45,0,3,3
24/08/2020,35,0,50,0,3,3
23/08/2020,44,0,44,0,2,3
22/08/2020,34,0,46,0,4,5
21/08/2020,30,0,31,0,3,5
20/08/2020,32,0,35,0,2,4
19/08/2020,29,0,38,0,2,3
18/08/2020,43,0,39,0,2,3
17/08/2020,41,0,44,0,3,3
16/08/2020,51,0,45,0,3,3
15/08/2020,38,0,34,0,2,4
14/08/2020,48,0,40,0,3,3
13/08/2020,52,0,36,0,3,4
12/08/2020,51,0,34,0,3,4
11/08/2020,50,0,43,0,3,4
10/08/2020,32,0,36,0,2,4
09/08/2020,36,0,30,0,3,3
08/08/2020,44,0,32,0,2,4
07/08/2020,52,0,33,0,3,4
06/08/2020,62,0,30,0,3,4
05/08/2020,39,0,32,0,4,5
04/08/2020,43,0,39,0,3,3
03/08/2020,35,0,33,0,3,3
02/08/2020,33,0,41,0,3,3
01/08/2020,34,0,34,0,3,3
31/07/2020,48,0,28,0,3,5
30/07/2020,50,0,30,0,4,4
29/07/2020,42,0,32,0,4,4
28/07/2020,31,0,33,0,3,4
27/07/2020,30,0,30,0,2,3
26/07/2020,40,0,31,0,2,2
25/07/2020,38,0,34,0,2,3
24/07/2020,30,0,35,0,3,3
23/07/2020,50,0,35,0,2,2
22/07/2020,36,0,37,0,4,3
21/07/2020,40,0,35,0,2,2
20/07/2020,35,0,30,0,3,4
19/07/2020,34,0,33,0,3,3
18/07/2020,36,0,39,0,3,3
17/07/2020,32,0,47,0,3,4
16/07/2020,32,0,44,0,3,3
15/07/2020,34,0,35,0,3,3
14/07/2020,36,0,42,0,4,3
13/07/2020,45,0,30,0,3,4
12/07/2020,38,0,48,0,4,2
11/07/2020,46,0,45,0,3,3
10/07/2020,46,0,37,0,3,3
09/07/2020,39,0,32,0,3,3
08/07/2020,40,0,33,0,3,3
07/07/2020,44,0,31,0,3,4
06/07/2020,36,0,39,0,3,3
05/07/2020,33,0,34,0,2,2
04/07/2020,31,0,29,0,2,2
03/07/2020,36,0,32,0,2,2
02/07/2020,37,0,31,0,2,2
01/07/2020,34,0,38,0,3,2
30/06/2020,44,0,40,0,2,2
29/06/2020,50,0,30,0,3,3
28/06/2020,34,0,44,0,3,2
27/06/2020,27,0,42,0,2,2
26/06/2020,44,0,30,0,2,1
25/06/2020,44,0,33,0,3,3
24/06/2020,40,0,36,0,4,3
23/06/2020,35,0,30,0,4,3
22/06/2020,31,0,26,0,2,3
21/06/2020,29,0,27,0,2,2
20/06/2020,32,0,20,0,2,3
19/06/2020,27,0,29,0,2,2
18/06/2020,42,0,37,0,2,2
17/06/2020,39,0,38,0,3,2
16/06/2020,34,0,30,0,2,2
15/06/2020,39,0,22,0,2,3
14/06/2020,62,0,31,0,2,2
13/06/2020,40,0,41,0,3,3
12/06/2020,47,0,37,0,2,2
11/06/2020,43,0,45,0,2,2
10/06/2020,37,0,45,0,3,2
09/06/2020,36,0,44,0,2,2
08/06/2020,37,0,31,0,2,2
07/06/2020,38,0,33,0,2,1
06/06/2020,49,0,40,0,3,3
05/06/2020,42,0,23,0,3,4
04/06/2020,34,0,41,0,2,3
03/06/2020,25,0,27,0,2,4
02/06/2020,26,0,28,0,1,2
01/06/2020,22,0,24,0,1,1
31/05/2020,23,0,25,0,1,1
30/05/2020,26,0,27,0,1,1
29/05/2020,41,0,29,0,1,1
28/05/2020,37,0,32,0,2,2
27/05/2020,31,0,22,0,1,1
26/05/2020,31,0,22,0,2,2
25/05/2020,34,0,22,0,1,1
24/05/2020,44,0,27,0,2,2
23/05/2020,47,0,29,0,2,1
22/05/2020, ,0,34,0,2,2
20/05/2020,41,0, ,0, , 
19/05/2020,25,0,11,0,5,7
18/05/2020,28,0,27,0,1,1
17/05/2020,43,0,16,0,1,2
16/05/2020,43,0,25,0,1,2
15/05/2020,48,0,39,0,2,3
14/05/2020,37,0,39,0,2,5
13/05/2020,27,0,24,0,2,3
12/05/2020,39,0,27,0,1,2
11/05/2020,37,0,29,0,2,2
10/05/2020,39,0,27,0,1,2
09/05/2020,41,0,25,0,1,2
08/05/2020,47,0,27,0,1,2
07/05/2020,46,0,28,0,1,2
06/05/2020,43,0,29,0,2,3
05/05/2020,29,0,26,0,2,3
04/05/2020,33,0,28,0,1,2
03/05/2020,29,0,23,0,1,2
02/05/2020,35,0,23,0,1,2
01/05/2020,35,0,27,0,1,2
30/04/2020,46,0,34,0,1,3
29/04/2020,47,0,35,0,1,2
28/04/2020,49,0,31,0,1,2
27/04/2020,47,0,37,0,2,3
26/04/2020,30,0,39,0,1,2
25/04/2020,29,0,32,0,1,2
24/04/2020,32,0,29,0,1,1
23/04/2020,43,0,27,0,1,2
22/04/2020,51,0,33,0,1,3
21/04/2020,45,0,31,0,1,3
20/04/2020,49,0,37,0,1,3
19/04/2020,48,0,37,0,1,4
18/04/2020,46,0,46,0,1,4
17/04/2020,34,0,62,0,1,4
16/04/2020,26,0,30,0,1,4
15/04/2020,17,0,34,0,1,4
14/04/2020,22,0,30,0,1,3
13/04/2020,31,0,36,0,1,3
12/04/2020,22,0,28,0,1,3
11/04/2020,36,0,26,0,1,3
10/04/2020,30,0,38,0,1,3
09/04/2020,34,0,30,0,1,3
08/04/2020,27,0,33,0,1,3
07/04/2020,31,0,30,0,3,3
06/04/2020,35,0,32,0,1,3
05/04/2020,35,0,27,0,1,3
04/04/2020,46,0,34,0,1,3
03/04/2020,41,0,32,0,1,3
02/04/2020,22,0,32,0,1,4
01/04/2020,37,0,32,0, ,3
31/03/2020,50,0,34,0,1,3
30/03/2020,35,0,40,0,1,3
29/03/2020,21,0,45,0, ,3
28/03/2020,36,0,39,0, ,2
27/03/2020,46,0,34,0, ,2
26/03/2020,58,0,43,0,1,3
25/03/2020,59,0,43,0,2,3
24/03/2020,50,0,47,0,1, 
23/03/2020,40,0,39,0,1,1
22/03/2020,26,0,33,0,1,1
21/03/2020,21,0,32,0,1,1
20/03/2020,40,0,30,0, ,1
19/03/2020,42,0,45,0,2,1
18/03/2020,28,0,43,0,2,2
17/03/2020,22,0,41,0,2,2
16/03/2020,25,0,32,0,2,2
15/03/2020,25,0,39,0,2,2
14/03/2020,29,0,31,0,2,2
13/03/2020,41,0,41,0,2,2
12/03/2020,32,0,40,0,4,3
11/03/2020,45,0,39,0,2,2
10/03/2020,48,0,45,0,2,3
09/03/2020,44,0,44,0,3,3
08/03/2020,31,0,46,0,3,3
07/03/2020,36,0,40,0,2,3
06/03/2020,50,0,32,0,2,3
05/03/2020,50,0,35,0,2,3
04/03/2020,75,0,40,0,3,3
03/03/2020,47,0,32,0,3,4
02/03/2020,50,0,52,0,3,5
01/03/2020,58,0,54,0,3,5
29/02/2020,39,0,47,0,4,5
28/02/2020,31,0,44,0,2,4
27/02/2020,23,0,37,0,3,3
26/02/2020,35,0,28,0,2,4
25/02/2020,40,0,35,0,2,4
24/02/2020,48,0,29,0,3,5
23/02/2020,37,0,48,0,3,6
22/02/2020,37,0,37,0,2,5
21/02/2020,45,0,33,0,2,5
20/02/2020,53,0,37,0,3,4
19/02/2020,47,0,26,0,5,5
18/02/2020,55,0,33,0,4,6
17/02/2020,54,0,30,0,4,6
16/02/2020,55,0,41,0,3,5
15/02/2020,60,0,48,0,3,5
14/02/2020,54,0,53,0,4,4
13/02/2020,54,0,43,0,3,6
12/02/2020, ,0,33,0,3,7
08/02/2020,73,0, ,0, , 
07/02/2020,58,0,48,0,3,5
06/02/2020,56,0,54,0,4,5
05/02/2020,35,0,55,0,5,5
04/02/2020,35,0,37,0,2,4
03/02/2020,44,0,34,0,2,4
02/02/2020,68,0,40,0,3,4
01/02/2020,58,0,25,0,4,8
31/01/2020,40,0,40,0,3,6
30/01/2020,32,0,39,0,3,5
29/01/2020,38,0,26,0,2,4
28/01/2020,25,0,29,0,3,5
27/01/2020,36,0,31,0,2,3
26/01/2020,39,0,36,0,2,3
25/01/2020,27,0,41,0,3,5
24/01/2020,30,0,32,0,2,4
23/01/2020,21,0,36,0,2,4
22/01/2020,23,0,25,0,2,3
21/01/2020,36,0,29,0,2,4
20/01/2020,36,0,30,0,2,4
19/01/2020,32,0,27,0,4,6
18/01/2020,34,0,21,0,4,5
17/01/2020,34,0,22,0,4,5
16/01/2020,52,0,26,0,3,4
15/01/2020,55,0,28,0,3,4
14/01/2020,40,0,36,0,4,4
13/01/2020,30,0,25,0,3,5
12/01/2020,35,0,23,0,2,3
11/01/2020,39,0,23,0,2,3
10/01/2020,59,0,22,0,2,3
09/01/2020,50,0,25,0,3,5
08/01/2020,39,0,55,0,3,4
07/01/2020,23,0,48,0,2,4
06/01/2020,25,0,35,0,2,4
05/01/2020,36,0,35,0,2,2
04/01/2020,26,0,48,0,3,3
03/01/2020,22,0,34,0,2,3
02/01/2020,42,0,25,0,2,4
01/01/2020, ,0,31,0,2,4
30/12/2019,32,0, ,0, , 
29/12/2019,35,0,40,0,2,4
28/12/2019,31,0,38,0,2,4
27/12/2019,37,0,33,0,2,3
26/12/2019,30,0,26,0,2,4
25/12/2019,45,0,42,0,2,3
24/12/2019,34,0,30,0,3,5
23/12/2019,35,0,30,0,2,5
22/12/2019,50,0,31,0,2,4
21/12/2019,43,0,34,0,2,5
20/12/2019,45,0,30,0,2,5
19/12/2019,53,0,33,0,3,4
18/12/2019,54,0,33,0,3,5
17/12/2019,47,0,46,0,3,5
16/12/2019,61,0,47,0,3,5
15/12/2019,63,0,56,0,3,5
14/12/2019,53,0,55,0,3,5
13/12/2019,37,0,49,0,3,5
12/12/2019,43,0,37,0,2,5
11/12/2019,39,0,48,0,3,4
10/12/2019,45,0,41,0,2,4
09/12/2019,25,0,39,0,3,5
08/12/2019,24,0,39,0,2,4
07/12/2019,37,0,39,0,2,4
06/12/2019,48,0,47,0,2,4
05/12/2019,55,0,43,0,3,6
04/12/2019,53,0,40,0,3,5
03/12/2019,51,0,48,0,3,5
02/12/2019,37,0,43,0,2,5
01/12/2019,38,0,37,0,2,4
30/11/2019,46,0,40,0,2,3
29/11/2019,41,0,40,0,2,3
28/11/2019,33,0,26,0,2,3
27/11/2019,34,0,23,0,2,3
26/11/2019,43,0,16,0,2,3
25/11/2019, ,0,31,0,2,3
24/11/2019, ,0,51,0,3,5
23/11/2019,57,0,46,0,2,4
22/11/2019,26,0,43,0,1,3
21/11/2019,40,0,40,0,2,4
20/11/2019,51,0,49,0,2,4
19/11/2019,49,0,34,0,4,5
18/11/2019, ,0,34,0,2,5
17/11/2019, ,0,34,0,2,3
16/11/2019,24,0,30,0,1,3
15/11/2019,28,0,24,0,1,4
14/11/2019,30,0,33,0,1,3
13/11/2019,35,0,29,0,2,4
12/11/2019,41,0,27,0,2,4
11/11/2019,29,0,30,0,2,5
10/11/2019,29,0,38,0,1,3
09/11/2019,46,0,34,0,1,4
08/11/2019,46,0,47,0,2,4
07/11/2019,40,0,37,0,4,5
06/11/2019,30,0,46,0,2,5
05/11/2019,28,0,44,0,2,4
04/11/2019,36,0,42,0,1,3
03/11/2019,28,0,46,0,1,4
02/11/2019,42,0,58,0,2,4
01/11/2019,48,0,50,0,2,4
31/10/2019,51,0,49,0,3,5
30/10/2019,46,0,34,0,3,6
29/10/2019,28,0,40,0,4,5
28/10/2019,40,0,40,0,2,4
27/10/2019,57,0,40,0,2,4
26/10/2019,59,0,26,0,4,6
25/10/2019,48,0,36,0,4,8
24/10/2019,29,0,33,0,4,8
23/10/2019,27,0,37,0,3,5
22/10/2019, ,0,35,0,1,4
20/10/2019,53,0, ,0, , 
19/10/2019,66,0,4,0,3,6
18/10/2019,58,0,53,0,4,7
17/10/2019,42,0,41,0,4,6
16/10/2019,45,0,39,0,2,4
15/10/2019,52,0,36,0,3,5
14/10/2019,55,0,43,0,3,5
13/10/2019,56,0,37,0,3,5
12/10/2019,54,0,46,0,3,5
11/10/2019,46,0,41,0,3,5
10/10/2019,60,0,42,0,2,5
09/10/2019,56,0,52,0,3,5
08/10/2019,27,0,40,0,6,6
07/10/2019,32,0,38,0,2,4
06/10/2019,42,0,40,0,2,4
05/10/2019,51,0,46,0,3,4
04/10/2019,58,0,42,0,4,5
03/10/2019,45,0,27,0,10,5
02/10/2019,61,0,47,0,2,5
01/10/2019,47,0,57,0,8,6
30/09/2019,40,0,44,0,3,6
29/09/2019,42,0,44,0,4,4
28/09/2019,49,0,47,0,2,4
27/09/2019,57,0,45,0,2,4
26/09/2019,56,0,52,0,3,6
25/09/2019,44,0,53,0,3,6
24/09/2019,53,0,47,0,4,6
23/09/2019,51,0,48,0,3,6
22/09/2019,68,0,39,0,3,4
21/09/2019,70,0,61,0,3,6
20/09/2019,55,0,59,0,3,6
19/09/2019,81,0,50,0,2,4
18/09/2019,65,0,44,0,3,5
17/09/2019,55,0,42,0,3,4
16/09/2019,52,0,47,0,2,3
15/09/2019,54,0,39,0,2,3
14/09/2019,59,0,41,0,3,5
13/09/2019,59,0,44,0,3,4
12/09/2019,63,0,32,0,3,4
11/09/2019,55,0,36,0,3,5
10/09/2019,42,0,45,0,4,5
09/09/2019,40,0,39,0,3,4
08/09/2019,50,0,47,0,3,5
07/09/2019,59,0,42,0,3,5
06/09/2019,46,0,32,0,3,6
05/09/2019,58,0,36,0,4,5
04/09/2019,66,0,39,0,4,5
03/09/2019,55,0,45,0,4,5
02/09/2019, ,0,40,0,3,5
01/09/2019,65,0, ,0, , 
31/08/2019,53,0,22,0,4,7
30/08/2019,44,0,49,0,3,6
29/08/2019,38,0,43,0,3,6
28/08/2019,41,0,42,0,2,5
27/08/2019,44,0,47,0,3,6
26/08/2019,49,0,39,0,2,5
25/08/2019,37,0,41,0,3,6
24/08/2019,38,0,42,0,2,5
23/08/2019,39,0,45,0,2,6
22/08/2019,33,0,44,0,3,6
21/08/2019,37,0,41,0,2,4
20/08/2019,34,0,35,0,2,5
19/08/2019, ,0,30,0,3,5
18/08/2019,59,0,35,0,3,6
17/08/2019,54,0,53,0,5,6
16/08/2019,78,0,56,0,3,5
15/08/2019,81,0,66,0,2,6
14/08/2019,39,0,72,0,2,5
13/08/2019,46,0,34,0,2,4
12/08/2019,43,0,37,0,2,5
11/08/2019,47,0,34,0,2,5
10/08/2019,51,0,28,0,2,6
09/08/2019,39,0,32,0,2,6
08/08/2019,46,0,36,0,2,5
07/08/2019,41,0,34,0,4,5
06/08/2019,44,0,37,0,3,5
05/08/2019,37,0,38,0,2,5
04/08/2019,41,0,34,0,2,5
03/08/2019,59,0,33,0,2,4
02/08/2019,44,0,31,0,3,5
01/08/2019,35,0,31,0,4,5
31/07/2019,43,0,34,0,2,5
30/07/2019,42,0,37,0,3,5
29/07/2019,42,0,39,0,3,5
28/07/2019,43,0,29,0,2,4
27/07/2019,41,0,33,0,3,5
26/07/2019,48,0,32,0,3,5
25/07/2019,35,0,35,0,2,3
24/07/2019,45,0,34,0,1,3
23/07/2019,43,0,28,0,3,3
22/07/2019,45,0,35,0,2, 
21/07/2019,36,0,27,0,2,3
20/07/2019,38,0,27,0,2,4
19/07/2019,47,0,32,0,2,4
18/07/2019,54,0,30,0,3,5
17/07/2019,56,0,30,0,3,5
16/07/2019,46,0,32,0,3,6
15/07/2019, ,0,17,0,2,5
13/07/2019,63,0, ,0, , 
12/07/2019,47,0,38,0,3,6
11/07/2019,42,0,39,0,3,4
10/07/2019,41,0,35,0,3,5
09/07/2019,42,0,30,0,2,4
08/07/2019,32,0,25,0,2,3
07/07/2019,43,0,24,0,2,4
06/07/2019,60,0,26,0,3,4
05/07/2019,59,0,29,0,3,5
04/07/2019,59,0,30,0,4,7
03/07/2019,54,0,37,0,4,6
02/07/2019,44,0,33,0,3,6
01/07/2019,44,0,28,0,2,5
30/06/2019,46,0,23,0,1,4
29/06/2019,50,0,19,0,3,7
28/06/2019,45,0,26,0,3,8
27/06/2019,63,0,27,0,4,6
26/06/2019,56,0,34,0,5,6
25/06/2019,39,0,42,0,3,6
24/06/2019,39,0,26,0,2,6
23/06/2019,34,0,24,0,1,5
22/06/2019,33,0,27,0,1,5
21/06/2019,35,0,28,0,1,6
20/06/2019,33,0,23,0,2,5
19/06/2019,46,0,32,0,1,4
18/06/2019,34,0,27,0,2,5
17/06/2019, ,0,20,0,2,5
16/06/2019, ,0,25,0,2,5
15/06/2019, ,0,36,0,3,5
14/06/2019, ,0,32,0,2,6
13/06/2019, ,0,24,0,3,6
12/06/2019, ,0,17,0,2,6
11/06/2019,40,0,29,0,1,4
10/06/2019,49,0,27,0,1,5
09/06/2019,57,0,28,0,3, 
08/06/2019,48,0,31,0,2, 
07/06/2019,39,0,37,0,2, 
06/06/2019,38,0,33,0,2, 
05/06/2019,51,0,24,0,3, 
04/06/2019,55,0,20,0,4, 
03/06/2019, ,0,22,0,3, 
02/06/2019,21,0,30,0,2, 
01/06/2019,29,0,36,0,2, 
31/05/2019,35,0,24,0,3, 
30/05/2019,33,0,27,0,1, 
29/05/2019,39,0,22,0,1, 
28/05/2019,47,0,30,0,2, 
27/05/2019,29,0,36,0,3, 
26/05/2019,48,0,31,0,2, 
25/05/2019,52,0,36,0,1, 
24/05/2019,46,0,32,0,3, 
23/05/2019,56,0,14,0,2, 
22/05/2019,58,0,29,0,2, 
21/05/2019,48,0,29,0,3, 
20/05/2019,37,0,29,0,3, 
19/05/2019,32,0,23,0,1, 
18/05/2019,53,0,36,0,2, 
17/05/2019,51,0,39,0,2, 
16/05/2019,61,0,37,0,2, 
15/05/2019,71,0,24,0,3, 
14/05/2019,66,0,31,0,3, 
13/05/2019,46,0,12,0,2, 
12/05/2019,50,0,33,0,2, 
11/05/2019,35,0,40,0,3, 
10/05/2019,42,0,36,0,1, 
09/05/2019,38,0,36,0,1, 
08/05/2019,44,0,31,0,1, 
07/05/2019,38,0,34,0,2, 
06/05/2019,32,0,26,0,2, 
05/05/2019,52,0,30,0,3, 
04/05/2019,55,0,31,0,3, 
03/05/2019,53,0,31,0,4, 
02/05/2019,48,0,31,0,2, 
01/05/2019,55,0,35,0,3, 
30/04/2019,48,0,17,0,2, 
29/04/2019, ,0,29,0,2, 
28/04/2019,61,0,29,0,3, 
27/04/2019,50,0,31,0,4, 
26/04/2019,54,0,32,0,2, 
25/04/2019,62,0,32,0,4, 
24/04/2019,53,0,24,0,4, 
23/04/2019,49,0,39,0,3, 
22/04/2019,30,0,24,0,3, 
21/04/2019,42,0,29,0,2, 
20/04/2019,28,0,35,0,3, 
19/04/2019,48,0,34,0,2, 
18/04/2019,50,0,46,0,3, 
17/04/2019,46,0,38,0,4, 
16/04/2019,49,0,34,0,4, 
15/04/2019,46,0,33,0,3, 
14/04/2019,42,0,43,0,3, 
13/04/2019,57,0,43,0,4, 
12/04/2019,44,0,40,0,4, 
11/04/2019,47,0,44,0,4, 
10/04/2019,64,0,50,0,4, 
09/04/2019,61,0,59,0,3, 
08/04/2019,58,0,53,0,3, 
07/04/2019,40,0,59,0,4, 
06/04/2019,50,0,53,0,2, 
05/04/2019,40,0,42,0,2, 
04/04/2019,55,0,22,0,2, 
03/04/2019,45,0,37,0,3, 
02/04/2019,41,0,36,0,2, 
01/04/2019, ,0,15,0,3, 
31/12/2018,46,0, ,0, , 
30/12/2018,57,0,34,0,2, 
29/12/2018,48,0,36,0,3, 
28/12/2018,34,0,28,0,2, 
27/12/2018,36,0,34,0,2, 
26/12/2018,45,0,26,0,2, 
25/12/2018,52,0,30,0,2, 
24/12/2018,71,0,30,0,1, 
23/12/2018, ,0,12,0,2, 
22/12/2018,46,0, ,0, , 
21/12/2018,38,0,37,0,2, 
20/12/2018,39,0,30,0,3, 
19/12/2018,52,0,36,0,2, 
18/12/2018,51,0,40,0,3, 
17/12/2018,54,0,35,0,2, 
16/12/2018,43,0,37,0,6, 
15/12/2018,24,0,32,0,2, 
14/12/2018,47,0,18,0,2, 
13/12/2018,42,0,33,0,2, 
12/12/2018,54,0,24,0,2, 
11/12/2018,52,0,32,0,3, 
10/12/2018,52,0,34,0,2, 
09/12/2018,58,0,29,0,2, 
08/12/2018,59,0,40,0,2, 
07/12/2018,57,0,49,0,3, 
06/12/2018,61,0,49,0,3, 
05/12/2018,60,0,7,0,3, 
04/12/2018,54,0,37,0,3, 
03/12/2018,46,0,33,0,2, 
02/12/2018,48,0,48,0,4, 
01/12/2018,46,0,44,0,3, 
30/11/2018,53,0,31,0,2, 
29/11/2018,52,0,26,0,4, 
28/11/2018,37,0,51,0,3, 
27/11/2018,34,0,29,0,2, 
26/11/2018,45,0,34,0,2, 
25/11/2018,49,0,41,0,2, 
24/11/2018,35,0,49,0,2, 
23/11/2018,50,0,36,0,2, 
22/11/2018,65,0,53,0,4, 
21/11/2018,47,0,51,0,5, 
20/11/2018,57,0,50,0,4, 
19/11/2018,68,0,44,0,8, 
18/11/2018,75,0,52,0,3, 
17/11/2018,41,0,44,0,8, 
16/11/2018,41,0,38,0,4, 
15/11/2018,51,0,31,0,3, 
14/11/2018,46,0,40,0,2, 
13/11/2018,50,0,39,0,3, 
12/11/2018,37,0,27,0,6, 
11/11/2018,34,0,39,0,5, 
10/11/2018,38,0,37,0,2, 
09/11/2018,51,0,38,0,2, 
08/11/2018,58,0,40,0,3, 
07/11/2018,48,0,45,0,7, 
06/11/2018,53,0,42,0,5, 
05/11/2018,37,0,33,0,4, 
04/11/2018,54,0,40,0,2, 
03/11/2018,74,0,40,0,4, 
02/11/2018,88,0,55,0,6, 
01/11/2018,69,0,37,0,12, 
31/10/2018,66,0,42,0,6, 
30/10/2018,69,0,49,0,7, 
29/10/2018,77,0,39,0,6, 
28/10/2018,65,0,42,0,6, 
27/10/2018,91,0,33,0,8, 
26/10/2018,94,0,40,0,9, 
25/10/2018,85,0,37,0,17, 
24/10/2018,78,0,63,0,9, 
23/10/2018,87,0,50,0,7, 
22/10/2018,62,0,47,0,6, 
21/10/2018,74,0,64,0,2, 
20/10/2018,84,0,53,0,2, 
19/10/2018,85,0,53,0,8, 
18/10/2018,95,0,28,0,6, 
17/10/2018,80,0,48,0,7, 
16/10/2018,75,0,43,0,4, 
15/10/2018,76,0,53,0,7, 
14/10/2018,70,0,48,0,6, 
13/10/2018,64,0,58,0,8, 
12/10/2018,64,0,51,0,7, 
11/10/2018,58,0,35,0,3, 
10/10/2018,67,0,34,0,6, 
09/10/2018, ,0,19,0,2, 
06/10/2018,76,0, ,0, , 
05/10/2018,80,0,58,0,8, 
04/10/2018,89,0,58,0,13, 
03/10/2018,81,0,61,0,17, 
02/10/2018,76,0,71,0,6, 
01/10/2018,67,0,65,0,5, 
30/09/2018,77,0,59,0,2, 
29/09/2018,79,0,67,0,2, 
28/09/2018,63,0,57,0,2, 
27/09/2018,90,0,48,0,1, 
26/09/2018,55,0,52,0,2, 
25/09/2018, ,0,46,0,3, 
24/09/2018,79,0, ,0, , 
23/09/2018,48,0, ,0,4, 
22/09/2018,52,0,44,0,2, 
21/09/2018,51,0,30,0,4, 
20/09/2018,54,0,44,0,3, 
19/09/2018,64,0,41,0,3, 
18/09/2018,50,0,48,0,3, 
17/09/2018,40,0,42,0,3, 
16/09/2018,62,0,42,0,2, 
15/09/2018,58,0,56,0,2, 
14/09/2018,67,0,41,0,2, 
13/09/2018,74,0,61,0,2, 
12/09/2018,75,0,63,0,3, 
11/09/2018,55,0,51,0,5, 
10/09/2018,63,0,47,0,2, 
09/09/2018,62,0,41,0,3, 
08/09/2018,71,0,34,0,2, 
07/09/2018,68,0,56,0,3, 
06/09/2018,66,0,55,0,2, 
05/09/2018,39,0,68,0,1, 
04/09/2018,58,0,46,0,2, 
03/09/2018,54,0,42,0,2, 
02/09/2018,66,0,45,0,2, 
01/09/2018,70,0,45,0,2, 
31/08/2018,76,0,53,0,2, 
30/08/2018,58,0,47,0,2, 
29/08/2018,68,0,29,0,4, 
28/08/2018,50,0,43,0,2, 
27/08/2018,48,0,38,0,2, 
26/08/2018,51,0,44,0,2, 
25/08/2018, ,0,31,0,2, 
08/11/2016, ,0, ,0,1, 
07/11/2016, ,0, ,0, , 
06/11/2016, ,0, ,0, , 
05/11/2016, ,0, ,0,1, 
04/11/2016, ,0, ,0,1, 
03/11/2016, ,0, ,0, , 
02/11/2016, ,0, ,0, , 
01/11/2016, ,0, ,0, , 
31/10/2016, ,0, ,0, , 
30/10/2016, ,0, ,0,1, 
29/10/2016, ,0, ,0,2, 
28/10/2016, ,0, ,0,1, 
27/10/2016, ,0, ,0, , 
26/10/2016, ,0, ,0, , 
25/10/2016, ,0, ,0,1, 
24/10/2016, ,0, ,0, , 
23/10/2016, ,0, ,0,1, 
22/10/2016, ,0, ,0,2, 
21/10/2016, ,0, ,0,6, 
20/10/2016, ,0, ,0,1, 
19/10/2016, ,0, ,0,1, 
18/10/2016, ,0, ,0,2, 
17/10/2016, ,0, ,0,1, 
16/10/2016, ,0, ,0,1, 
15/10/2016, ,0, ,0,1, 
14/10/2016, ,0, ,0, , 
13/10/2016, ,0, ,0, , 
12/10/2016, ,0, ,0, , 
11/10/2016, ,0, ,0, , 
10/10/2016, ,0, ,0, , 
09/10/2016, ,0, ,0, , 
20/09/2016, ,0, ,0, , 
19/09/2016, ,0,4,0,3, 
18/09/2016, ,0,47,0,3, 
17/09/2016, ,0,53,0,3, 
16/09/2016, ,0,53,0,4, 
15/09/2016, ,0,48,0,3, 
14/09/2016, ,0,36,0,3, 
13/09/2016, ,0,66,0,1, 
12/09/2016, ,0,69,0,2, 
11/09/2016, ,0,53,0,2, 
10/09/2016, ,0,45,0,3, 
09/09/2016, ,0,37,0,2, 
08/09/2016, ,0,54,0,4, 
07/09/2016, ,0,43,0,4, 
06/09/2016, ,0,30,0,16, 
05/09/2016, ,0,54,0,13, 
04/09/2016, ,0,54,0,19, 
03/09/2016, ,0,61,0,7, 
02/09/2016, ,0,47,0,4, 
01/09/2016, ,0,31,0,2, 
31/08/2016, ,0,54,0,3, 
30/08/2016, ,0,49,0,2, 
29/08/2016, ,0,48,0,2, 
28/08/2016, ,0,52,0,2, 
27/08/2016, ,0,10,0,4, 
26/08/2016, ,0,40,0,1, 
25/08/2016, ,0,48,0,2, 
24/08/2016, ,0,79,0,2, 
23/08/2016, ,0,63,0,2, 
22/08/2016, ,0,58,0,1, 
20/08/2016, ,0, ,0, , 
19/08/2016, ,0,43,0,3, 
18/08/2016, ,0,39,0,1, 
17/08/2016, ,0,38,0,2, 
16/08/2016, ,0,46,0,1, 
15/08/2016, ,0,45,0,1, 
14/08/2016, ,0,27,0,5, 
13/08/2016, ,0,55,0,3, 
12/08/2016, ,0,44,0,7, 
11/08/2016, ,0,41,0,1, 
10/08/2016, ,0,44,0,2, 
09/08/2016, ,0,35,0,5, 
08/08/2016, ,0,37,0,3, 
07/08/2016, ,0,39,0,1, 
06/08/2016, ,0,50,0,3, 
05/08/2016, ,0,38,0,4, 
31/07/2016, ,0, ,0, , 
30/07/2016, ,0,42,0,2, 
29/07/2016, ,0,37,0,5, 
28/07/2016, ,0,1,0,3, 
27/07/2016, ,0,32,0,5, 
26/07/2016, ,0,36,0,4, 
25/07/2016, ,0,25,0,3, 
24/07/2016, ,0,42,0,1, 
23/07/2016, ,0,42,0,1, 
22/07/2016, ,0,36,0,2, 
21/07/2016, ,0,36,0,1, 
20/07/2016, ,0,40,0,2, 
19/07/2016, ,0,40,0,1, 
18/07/2016, ,0,34,0,1, 
17/07/2016, ,0,37,0,1, 
16/07/2016, ,0,47,0,2, 
15/07/2016, ,0,42,0,2, 
14/07/2016, ,0,35,0,1, 
13/07/2016, ,0,34,0,3, 
12/07/2016, ,0,41,0,3, 
11/07/2016, ,0,40,0,1, 
10/07/2016, ,0,40,0,3, 
09/07/2016, ,0,38,0,1, 
08/07/2016, ,0,39,0,3, 
07/07/2016, ,0,28,0,2, 
06/07/2016, ,0,30,0,3, 
05/07/2016, ,0,32,0,2, 
04/07/2016, ,0,37,0, , 
03/07/2016, ,0,41,0,1, 
02/07/2016, ,0,37,0, , 
01/07/2016, ,0,28,0, , 
30/06/2016, ,0,30,0,1, 
29/06/2016, ,0,32,0,1, 
28/06/2016, ,0,36,0, , 
27/06/2016, ,0,39,0,1, 
26/06/2016, ,0,30,0,1, 
25/06/2016, ,0,44,0,1, 
24/06/2016, ,0,31,0,4, 
23/06/2016, ,0,37,0,1, 
22/06/2016, ,0,34,0,2, 
21/06/2016, ,0,39,0,1, 
20/06/2016, ,0,34,0, , 
19/06/2016, ,0,33,0,2, 
18/06/2016, ,0,36,0,1, 
17/06/2016, ,0,33,0,1, 
16/06/2016, ,0,29,0,1, 
15/06/2016, ,0,31,0,1, 
14/06/2016, ,0,27,0,1, 
13/06/2016, ,0,32,0, , 
12/06/2016, ,0,33,0, , 
11/06/2016, ,0,28,0,1, 
10/06/2016, ,0,36,0,2, 
09/06/2016, ,0,35,0,2, 
08/06/2016, ,0,52,0,2, 
07/06/2016, ,0,36,0,4, 
06/06/2016, ,0,27,0,2, 
05/06/2016, ,0,38,0,3, 
04/06/2016, ,0,32,0,3, 
03/06/2016, ,0,25,0,3, 
02/06/2016, ,0,30,0,1, 
01/06/2016, ,0,42,0,3, 
31/05/2016, ,0,40,0,4, 
30/05/2016, ,0,37,0,2, 
29/05/2016, ,0,29,0,1, 
28/05/2016, ,0,52,0,3, 
27/05/2016, ,0,42,0,1, 
26/05/2016, ,0,46,0,2, 
25/05/2016, ,0,22,0, , 
24/05/2016, ,0,33,0,1, 
23/05/2016, ,0,26,0,1, 
22/05/2016, ,0,28,0,1, 
21/05/2016, ,0,28,0,1, 
20/05/2016, ,0,29,0,1, 
19/05/2016, ,0,32,0,2, 
18/05/2016, ,0,34,0,1, 
17/05/2016, ,0,32,0,5, 
16/05/2016, ,0,24,0,2, 
15/05/2016, ,0,25,0,1, 
14/05/2016, ,0,21,0,2, 
13/05/2016, ,0,22,0,2, 
12/05/2016, ,0,38,0,2, 
11/05/2016, ,0,45,0,1, 
10/05/2016, ,0,29,0,1, 
09/05/2016, ,0,30,0,2, 
08/05/2016, ,0,34,0,1, 
07/05/2016, ,0,36,0, , 
06/05/2016, ,0,36,0,1, 
05/05/2016, ,0,40,0, , 
04/05/2016, ,0,36,0,1, 
03/05/2016, ,0,41,0,1, 
02/05/2016, ,0,43,0,9, 
01/05/2016, ,0,37,0,1, 
30/04/2016, ,0,17,0, , 
29/04/2016, ,0,46,0,2, 
28/04/2016, ,0,35,0,1, 
27/04/2016, ,0,45,0,2, 
26/04/2016, ,0,50,0,2, 
25/04/2016, ,0,38,0,1, 
24/04/2016, ,0,31,0, , 
23/04/2016, ,0,29,0, , 
22/04/2016, ,0,27,0,1, 
21/04/2016, ,0,37,0,2, 
20/04/2016, ,0,32,0,1, 
19/04/2016, ,0,38,0,4, 
18/04/2016, ,0,24,0,1, 
17/04/2016, ,0,31,0, , 
16/04/2016, ,0,48,0,2, 
15/04/2016, ,0,52,0,2, 
14/04/2016, ,0,43,0,3, 
13/04/2016, ,0,43,0,1, 
12/04/2016, ,0,29,0,2, 
11/04/2016, ,0,25,0, , 
10/04/2016, ,0,12,0, , 
09/04/2016, ,0,34,0,1, 
08/04/2016, ,0,34,0, , 
07/04/2016, ,0,45,0,2, 
06/04/2016, ,0,49,0,12, 
05/04/2016, ,0,52,0,5, 
04/04/2016, ,0,35,0,10, 
03/04/2016, ,0,45,0,1, 
02/04/2016, ,0,36,0, , 
01/04/2016, ,0,49,0,6, 
31/03/2016, ,0,22,0,3, 
30/03/2016, ,0,50,0,5, 
29/03/2016, ,0,45,0,1, 
28/03/2016, ,0,44,0,2, 
27/03/2016, ,0,1,0,2, 
26/03/2016, ,0,50,0,3, 
25/03/2016, ,0,43,0,7, 
24/03/2016, ,0,42,0,1, 
23/03/2016, ,0,27,0,3, 
22/03/2016, ,0,25,0,1, 
21/03/2016, ,0,36,0,1, 
20/03/2016, ,0,32,0, , 
19/03/2016, ,0,33,0,1, 
18/03/2016, ,0,22,0,1, 
17/03/2016, ,0,40,0,1, 
16/03/2016, ,0,54,0,1, 
15/03/2016, ,0,57,0,2, 
14/03/2016, ,0,42,0,1, 
13/03/2016, ,0,50,0,1, 
12/03/2016, ,0,59,0,5, 
11/03/2016, ,0,61,0,9, 
10/03/2016, ,0,43,0,5, 
09/03/2016, ,0,52,0,3, 
08/03/2016, ,0,27,0,3, 
07/03/2016, ,0,43,0,1, 
06/03/2016, ,0,41,0, , 
05/03/2016, ,0,36,0, , 
04/03/2016, ,0,37,0, , 
03/03/2016, ,0,51,0,1, 
02/03/2016, ,0,34,0,1, 
01/03/2016, ,0,40,0, , 
29/02/2016, ,0,48,0,3, 
28/02/2016, ,0,49,0,4, 
27/02/2016, ,0,40,0,1, 
26/02/2016, ,0,35,0,1, 
25/02/2016, ,0,32,0,5, 
24/02/2016, ,0,51,0,3, 
23/02/2016, ,0,46,0,4, 
22/02/2016, ,0,50,0,1, 
21/02/2016, ,0,44,0,3, 
20/02/2016, ,0,39,0,1, 
19/02/2016, ,0,40,0,1, 
18/02/2016, ,0,39,0,1, 
17/02/2016, ,0,35,0,1, 
16/02/2016, ,0,30,0,13, 
15/02/2016, ,0,34,0,1, 
14/02/2016, ,0,49,0,3, 
13/02/2016, ,0,46,0,2, 
12/02/2016, ,0,34,0,6, 
11/02/2016, ,0,37,0,2, 
10/02/2016, ,0,38,0, , 
09/02/2016, ,0,38,0,7, 
08/02/2016, ,0,46,0,4, 
07/02/2016, ,0,61,0,4, 
06/02/2016, ,0,53,0,3, 
05/02/2016, ,0,56,0,6, 
04/02/2016, ,0,36,0,2, 
03/02/2016, ,0,72,0,10, 
02/02/2016, ,0,76,0,11, 
01/02/2016, ,0,55,0,10, 
31/01/2016, ,0,45,0,3, 
30/01/2016, ,0,44,0,16, 
29/01/2016, ,0,59,0,5, 
28/01/2016, ,0,67,0,6, 
27/01/2016, ,0,59,0,6, 
26/01/2016, ,0,27,0,2, 
25/01/2016, ,0,47,0,8, 
24/01/2016, ,0,43,0,6, 
23/01/2016, ,0,52,0,2, 
22/01/2016, ,0,37,0,3, 
21/01/2016, ,0,39,0,1, 
20/01/2016, ,0,42,0,6, 
19/01/2016, ,0,43,0,4, 
18/01/2016, ,0,47,0,6, 
17/01/2016, ,0,51,0,4, 
16/01/2016, ,0,52,0,4, 
15/01/2016, ,0,23,0, , 
14/01/2016, ,0,26,0,1, 
13/01/2016, ,0,41,0,1, 
12/01/2016, ,0,42,0,1, 
11/01/2016, ,0,36,0,1, 
10/01/2016, ,0,55,0,6, 
09/01/2016, ,0,42,0,4, 
08/01/2016, ,0,21,0,1, 
24/11/2015, ,32, ,0, , 
23/11/2015, ,37,31,0,6, 
22/11/2015, ,25,47,0,7, 
21/11/2015, ,24,46,0,1, 
20/11/2015, ,18,52,0,4, 
19/11/2015, ,24,54,0, , 
18/11/2015, ,28,45,0,5, 
17/11/2015, ,29,39,0,12, 
16/11/2015, ,23,56,0,5, 
15/11/2015, ,34,41,0,6, 
14/11/2015, ,33,43,0,2, 
13/11/2015, ,33,61,0,4, 
12/11/2015, ,30,69,0,7, 
11/11/2015, ,29,47,0,7, 
10/11/2015, , ,48,0,3, 
05/11/2015, ,39, ,0, , 
04/11/2015, ,34,50,0,11, 
03/11/2015, ,28,73,0,6, 
02/11/2015, ,17,53,0,3, 
01/11/2015, ,20,61,0, , 
31/10/2015, ,32,62,0,1, 
30/10/2015, ,26,73,0,9, 
29/10/2015, ,36,64,0,1, 
28/10/2015, ,38,66,0,10, 
27/10/2015, ,36,63,0,14, 
26/10/2015, ,17,67,0,6, 
25/10/2015, ,34,62,0,2, 
24/10/2015, ,40,67,0,2, 
23/10/2015, ,37,40,0,5, 
22/10/2015, ,40,54,0,1, 
21/10/2015, ,36,63,0,1, 
20/10/2015, ,24,53,0,1, 
19/10/2015, ,20,66,0,1, 
18/10/2015, ,23,53,0,3, 
17/10/2015, ,18,49,0,2, 
16/10/2015, ,23,50,0,1, 
15/10/2015, ,15,58,0,4, 
14/10/2015, ,21,59,0,1, 
13/10/2015, ,27,51,0,1, 
12/10/2015, ,56,56,0,1, 
11/10/2015, ,22,57,0,1, 
10/10/2015, ,38,60,0,2, 
09/10/2015, ,43,71,0,5, 
08/10/2015, ,38,72,0,10, 
07/10/2015, ,39,56,0,7, 
06/10/2015, ,29,61,0,12, 
05/10/2015, ,36,68,0,4, 
04/10/2015, ,38,61,0,3, 
03/10/2015, ,44,58,0,20, 
02/10/2015, ,41,74,0,17, 
01/10/2015, ,41,75,0,4, 
30/09/2015, ,45,80,0,2, 
29/09/2015, ,44,96,0,5, 
28/09/2015, ,35,76,0,9, 
27/09/2015, ,42,51,0,3, 
26/09/2015, ,43,55,0,4, 
25/09/2015, ,43,57,0,7, 
24/09/2015, ,37,55,0,4, 
23/09/2015, ,30,45,0,7, 
22/09/2015, ,43,47,0,4, 
21/09/2015, ,44,68,0,5, 
20/09/2015, ,47,70,0,3, 
19/09/2015, ,41,21,0,7, 
18/09/2015, ,48,69,0,1, 
17/09/2015, ,51,89,0,2, 
16/09/2015, ,55,70,0,5, 
15/09/2015, ,52,109,0,8, 
14/09/2015, ,47,139,0,3, 
13/09/2015, ,56,121,0,3, 
12/09/2015, ,50,102,0,3, 
11/09/2015, ,36,93,0,5, 
10/09/2015, ,58,92,0,3, 
09/09/2015, ,39,67,0,7, 
08/09/2015, ,42,69,0,4, 
07/09/2015, ,28,47,0,2, 
06/09/2015, ,44,25,0,1, 
05/09/2015, ,45,58,0,3, 
04/09/2015, ,46,63,0,3, 
03/09/2015, ,41,59,0,2, 
02/09/2015, ,31,52,0,2, 
01/09/2015, ,31,43,0,2, 
31/08/2015, ,35,44,0,2, 
30/08/2015, ,36,47,0,3, 
29/08/2015, ,45,47,0,4, 
28/08/2015, ,44,42,0,7, 
27/08/2015, ,40,52,0,10, 
26/08/2015, ,32,46,0,13, 
25/08/2015, ,38,42,0,3, 
24/08/2015, ,44,41,0,3, 
23/08/2015, ,45,50,0,4, 
22/08/2015, ,40,54,0,6, 
21/08/2015, ,38,52,0,4, 
20/08/2015, ,36,45,0,3, 
19/08/2015, ,35,52,0,3, 
18/08/2015, ,26,67,0,3, 
17/08/2015, ,24,50,0,2, 
16/08/2015, ,24,45,0,2, 
15/08/2015, ,30,39,0,3, 
14/08/2015, ,38,34,0,3, 
13/08/2015, ,45,45,0,6, 
12/08/2015, ,44,33,0,8, 
11/08/2015, ,32,40,0,9, 
10/08/2015, ,22,42,0,2, 
09/08/2015, ,40,45,0,2, 
08/08/2015, ,42,45,0,6, 
07/08/2015, ,29,38,0,5, 
06/08/2015, ,31,47,0,3, 
05/08/2015, ,32,42,0,2, 
04/08/2015, ,39,36,0,5, 
03/08/2015, ,29,38,0,3, 
02/08/2015, ,36,33,0,4, 
01/08/2015, ,33,32,0,3, 
31/07/2015, ,31,34,0,2, 
30/07/2015, ,24,29,0,3, 
29/07/2015, ,21,12,0,1, 
28/07/2015, ,26,23,0,1, 
27/07/2015, ,22,23,0,2, 
26/07/2015, ,25,33,0,2, 
25/07/2015, ,21,30,0,2, 
24/07/2015, ,20,32,0,3, 
23/07/2015, ,14,28,0,8, 
22/07/2015, ,27,17,0,3, 
21/07/2015, ,26,30,0,4, 
20/07/2015, ,30,38,0,3, 
19/07/2015, ,27,42,0,3, 
18/07/2015, ,37,33,0,2, 
17/07/2015, ,32,39,0,3, 
16/07/2015, ,47,31,0,2, 
15/07/2015, ,36,30,0,6, 
14/07/2015, ,35,29,0,10, 
13/07/2015, ,18,39,0,2, 
12/07/2015, ,28,35,0,1, 
11/07/2015, ,37,25,0,1, 
10/07/2015, ,39,15,0,5, 
09/07/2015, ,31,30,0,4, 
08/07/2015, ,26,34,0,1, 
07/07/2015, ,27,35,0, , 
06/07/2015, ,28,36,0,1, 
05/07/2015, ,41,33,0,2, 
04/07/2015, ,36,33,0,5, 
03/07/2015, ,31,22,0,2, 
02/07/2015, ,40,26,0,3, 
01/07/2015, , ,28,0,2, 
30/06/2015, , ,28,0, , 
29/06/2015, , ,32,0, , 
28/06/2015, , ,38,0, , 
27/06/2015, , ,30,0, , 
26/06/2015, , ,36,0, , 
25/06/2015, , ,34,0, , 
24/06/2015, , ,27,0,1, 
23/06/2015, , ,23,0,6, 
22/06/2015, , ,29,0, , 
21/06/2015, , ,29,0, , 
20/06/2015, , ,34,0,1, 
19/06/2015, , ,23,0,3, 
18/06/2015, , ,25,0,2, 
17/06/2015, , ,25,0,1, 
16/06/2015, , ,26,0,1, 
15/06/2015, , ,32,0,1, 
14/06/2015, , ,24,0, , 
13/06/2015, , ,24,0,1, 
12/06/2015, , ,20,0,1, 
11/06/2015, , ,35,0, , 
10/06/2015, , ,32,0,2, 
09/06/2015, , ,27,0,2, 
08/06/2015, , ,32,0,1, 
07/06/2015, , ,31,0,1, 
06/06/2015, , ,32,0, , 
05/06/2015, , ,31,0,1, 
04/06/2015, , ,26,0,1, 
03/06/2015, , ,29,0,4, 
02/06/2015, , ,22,0,2, 
01/06/2015, , ,24,0,2, 
31/05/2015, , ,37,0,1, 
30/05/2015, , ,30,0,3, 
29/05/2015, , ,19,0,5, 
28/05/2015, , ,30,0,1, 
27/05/2015, , ,36,0,7, 
26/05/2015, , ,26,0,4, 
25/05/2015, , ,38,0,3, 
24/05/2015, , ,28,0,10, 
23/05/2015, , ,37,0,4, 
22/05/2015, , ,28,0,1, 
21/05/2015, , ,27,0,2, 
20/05/2015, , ,27,0,1, 
19/05/2015, , ,25,0,3, 
18/05/2015, , ,33,0,2, 
17/05/2015, , ,34,0,2, 
16/05/2015, , ,32,0,1, 
15/05/2015, , ,25,0,2, 
14/05/2015, , ,32,0,2, 
13/05/2015, , ,22,0,3, 
12/05/2015, , ,24,0,1, 
11/05/2015, , ,17,0,2, 
10/05/2015, , ,23,0,2, 
09/05/2015, , ,27,0,2, 
08/05/2015, , ,31,0,2, 
07/05/2015, , ,33,0,4, 
06/05/2015, , ,41,0,5, 
05/05/2015, , ,31,0,10, 
01/05/2015, , ,46,0,3, 
30/04/2015, , ,33,0,2, 
29/04/2015, , ,26,0,7, 
28/04/2015, , ,23,0,2, 
27/04/2015, , ,25,0,3, 
26/04/2015, , ,31,0,1, 
25/04/2015, , ,25,0,4, 
24/04/2015, , ,29,0,10, 
23/04/2015, , ,33,0,6, 
22/04/2015, , ,30,0,4, 
21/04/2015, , ,33,0,5, 
20/04/2015, , ,47,0,4, 
19/04/2015, , ,52,0,7, 
18/04/2015, , ,31,0,6, 
17/04/2015, , ,35,0,5, 
16/04/2015, , ,41,0,3, 
15/04/2015, , ,31,0,2, 
14/04/2015, , ,39,0,2, 
13/04/2015, , ,36,0,4, 
12/04/2015, , ,36,0,4, 
11/04/2015, , ,39,0,4, 
10/04/2015, , ,34,0,2, 
09/04/2015, , ,40,0,6, 
08/04/2015, , ,27,0,1, 
07/04/2015, , ,35,0,3, 
06/04/2015, , ,34,0,1, 
05/04/2015, , ,38,0,1, 
04/04/2015, , ,40,0,2, 
03/04/2015, , ,42,0,2, 
02/04/2015, , ,42,0,2, 
01/04/2015, , , ,0,2, 
31/03/2015, , , ,0,4, 
30/03/2015, , , ,0,3, 
29/03/2015, , , ,0,4, 
28/03/2015, , , ,0,2, 
27/03/2015, , , ,0,2, 
26/03/2015, , , ,0,7, 
25/03/2015, , , ,0,1, 
24/03/2015, , , ,0,8, 
23/03/2015, , , ,0,4, 
22/03/2015, , ,33,0,2, 
21/03/2015, , ,21,0,1, 
20/03/2015, , ,33,0,5, 
19/03/2015, , ,27,0,6, 
18/03/2015, , ,26,0,1, 
17/03/2015, , ,29,0,1, 
16/03/2015, , ,37,0,3, 
15/03/2015, , ,35,0,1, 
14/03/2015, , ,30,0,2, 
13/03/2015, , ,31,0,2, 
12/03/2015, , ,26,0,11, 
11/03/2015, , ,27,0,2, 
10/03/2015, , ,25,0,8, 
09/03/2015, , ,26,0,9, 
08/03/2015, , ,33,0,10, 
07/03/2015, , ,47,0,2, 
06/03/2015, , ,45,0,4, 
05/03/2015, , ,48,0,13, 
04/03/2015, , ,45,0,2, 
03/03/2015, , ,39,0,4, 
02/03/2015, , ,42,0,6, 
01/03/2015, , ,37,0,1, 
28/02/2015, , ,49,0,8, 
27/02/2015, , ,63,0,4, 
26/02/2015, , ,62,0,3, 
25/02/2015, , ,38,0,4, 
24/02/2015, , ,48,0,16, 
23/02/2015, , ,67,0,4, 
22/02/2015, , ,45,0,4, 
21/02/2015, , ,43,0,3, 
20/02/2015, , ,20,0, , 
19/02/2015, , ,47,0, , 
18/02/2015, , ,60,0,5, 
17/02/2015, , ,52,0,6, 
16/02/2015, , ,44,0,4, 
15/02/2015, , ,28,0,5, 
14/02/2015, , ,36,0,10, 
13/02/2015, , ,44,0,1, 
12/02/2015, , ,39,0,2, 
11/02/2015, , ,35,0,1, 
10/02/2015, , ,23,0,1, 
09/02/2015, , ,34,0,1, 
08/02/2015, , ,37,0,1, 
07/02/2015, , ,37,0,3, 
06/02/2015, , ,34,0,7, 
05/02/2015, , ,24,0,4, 
04/02/2015, , ,22,0,2, 
03/02/2015, , ,22,0,1, 
02/02/2015, , ,26,0,2, 
01/02/2015, , ,34,0,3, 
31/01/2015, , ,35,0,1, 
30/01/2015, , ,35,0,2, 
29/01/2015, , ,38,0,5, 
28/01/2015, , ,32,0,1, 
27/01/2015, , ,30,0,2, 
26/01/2015, , ,47,0,2, 
25/01/2015, , ,28,0,2, 
24/01/2015, , ,29,0,3, 
23/01/2015, , ,32,0,2, 
22/01/2015, , ,34,0,1, 
21/01/2015, , ,26,0,1, 
20/01/2015, , ,31,0,2, 
19/01/2015, , ,32,0,3, 
18/01/2015, , ,34,0,5, 
17/01/2015, , ,36,0,4, 
16/01/2015, , ,32,0,10, 
15/01/2015, , ,44,0,10, 
14/01/2015, , ,34,0,10, 
13/01/2015, , ,30,0,10, 
12/01/2015, , ,30,0,4, 
11/01/2015, , ,31,0,6, 
10/01/2015, , ,25,0,2, 
09/01/2015, , ,29,0,8, 
08/01/2015, , ,30,0,2, 
07/01/2015, , ,33,0,6, 
06/01/2015, , ,34,0,7, 
05/01/2015, , ,30,0,10, 
04/01/2015, , ,30,0,12, 
03/01/2015, , ,28,0,9, 
02/01/2015, , ,42,0,7, 
01/01/2015, , , ,0,7, 
01/12/2014, , ,33,0, , 
30/11/2014, , ,34,0,12, 
29/11/2014, , ,45,0,9, 
28/11/2014, , ,40,0,5, 
27/11/2014, , ,36,0,5, 
26/11/2014, , ,38,0,1, 
25/11/2014, , ,37,0,4, 
24/11/2014, , ,34,0,10, 
23/11/2014, , ,34,0,10, 
22/11/2014, , ,34,0,5, 
21/11/2014, , ,42,0,4, 
20/11/2014, , ,33,0,5, 
19/11/2014, , ,38,0,6, 
18/11/2014, , ,28,0,5, 
17/11/2014, , ,38,0,4, 
16/11/2014, , ,42,0,7, 
15/11/2014, , ,34,0,5, 
14/11/2014, , ,32,0,5, 
13/11/2014, , ,27,0,3, 
12/11/2014, , ,34,0,3, 
11/11/2014, , ,32,0,4, 
10/11/2014, , ,48,0,2, 
09/11/2014, , ,44,0,8, 
08/11/2014, , ,49,0,6, 
07/11/2014, , ,42,0,6, 
06/11/2014, , ,53,0,7, 
05/11/2014, , ,36,0,4, 
04/11/2014, , ,41,0,3, 
03/11/2014, , ,43,0,12, 
02/11/2014, , ,50,0,8, 
01/11/2014, , , ,0,5, 
